-0.363102 -0.0052816
-0.396427 -0.013523
-0.407779 -0.0187038
-0.401497 -0.0197711
-0.339849 -0.0238959
-0.447911 -0.0232779
0.387564 0.0195145
-0.370002 -0.0139265
0.405451 0.00578975
-0.449192 -0.00720351
0.424786 0.0072254
-0.383938 -0.00328348
-0.389899 -0.00354864
0.356165 0.00166603
0.410945 0.00897774
-0.377653 -0.010909
-0.41456 -0.0166189
0.403726 0.0211474
-0.393437 -0.0278583
-0.390689 -0.0361841
-0.379442 -0.0445267
0.376422 0.0474906
-0.395381 -0.0534746
-0.36615 -0.0501545
0.366692 0.0477117
-0.372097 -0.0477094
0.371106 0.0438556
0.369457 0.0426125
-0.346196 -0.0382682
0.356136 0.0351122
0.376613 0.0375141
-0.375372 -0.0386534
-0.353978 -0.0395392
-0.416028 -0.0578027
0.381891 0.0622518
0.377862 0.0718064
0.39837 0.0836168
-0.407759 -0.0947797
0.384466 0.0931583
-0.364367 -0.0842909
-0.353797 -0.084604
-0.421954 -0.0903431
-0.343296 -0.0649387
0.352698 0.065149
0.400934 0.0726224
-0.407778 -0.078714
0.377148 0.0759361
-0.349772 -0.0711267
0.381751 0.0746729
0.325955 0.066139
0.401098 0.0885723
-0.367403 -0.077688
-0.353147 -0.0772058
0.334598 0.0746245
0.388783 0.0934041
0.371928 0.0878282
0.374484 0.0918101
-0.371721 -0.0968842
0.370233 0.101999
0.369287 0.10756
0.373003 0.114104
0.346506 0.11165
0.381008 0.128624
0.361664 0.127804
0.357909 0.135221
0.357756 0.141967
0.357606 0.14926
0.354001 0.154991
0.350595 0.160399
0.347402 0.166033
0.347899 0.171725
0.346564 0.174583
0.340157 0.172897
0.35025 0.176859
0.343185 0.171261
0.348337 0.168492
0.357557 0.165287
0.339898 0.153848
-0.340439 -0.145329
-0.342853 -0.140186
0.348241 0.140145
0.352993 0.14367
0.348727 0.145775
-0.340994 -0.145047
-0.338798 -0.149027
0.333508 0.154415
0.345543 0.173161
0.325133 0.173563
-0.290658 -0.165243
-0.360684 -0.20796
0.317394 0.190333
-0.307288 -0.186121
0.343551 0.202785
-0.370623 -0.221424
0.358749 0.212613
0.31905 0.183254
-0.302537 -0.177895
-0.364948 -0.212724
0.337774 0.201722
-0.324322 -0.198742
-0.31646 -0.197959
-0.363175 -0.229046
-0.308495 -0.196687
-0.320413 -0.210583
0.308795 0.20805
0.3043 0.217091
0.320217 0.242028
-0.292513 -0.234072
-0.313473 -0.253793
0.299103 0.244947
-0.289872 -0.243781
-0.297408 -0.247735
-0.334494 -0.265737
-0.272027 -0.211983
-0.32328 -0.25337
0.292509 0.224628
-0.304676 -0.239124
-0.284982 -0.224064
-0.325782 -0.257739
0.298122 0.231925
0.314605 0.253573
-0.298881 -0.252954
-0.30087 -0.260675
-0.28922 -0.25392
0.302228 0.269533
0.260195 0.239766
0.29808 0.283389
-0.271499 -0.264912
-0.284789 -0.281455
-0.274751 -0.278127
0.275979 0.288364
0.255342 0.280117
-0.258695 -0.297728
0.268878 0.311964
0.249214 0.291237
0.260164 0.302932
0.246159 0.285777
0.273396 0.316712
-0.249566 -0.29287
0.253629 0.292603
0.240257 0.282288
-0.227698 -0.265055
-0.266153 -0.308426
-0.25408 -0.293092
-0.262266 -0.302298
0.260565 0.306134
-0.254074 -0.305029
-0.249326 -0.301537
-0.258829 -0.316425
-0.223873 -0.279765
-0.252384 -0.324366
0.226325 0.298542
0.236157 0.336524
0.212214 0.323106
0.203529 0.333743
0.193351 0.346835
0.187222 0.356467
-0.180452 -0.352736
0.178212 0.353086
-0.168233 -0.329726
-0.197003 -0.35762
0.202098 0.345207
0.204292 0.340545
0.201394 0.320368
-0.20926 -0.323916
0.224393 0.34771
-0.218068 -0.338386
0.206115 0.317292
0.220791 0.348
-0.200848 -0.327049
0.18176 0.312681
-0.180097 -0.328158
-0.159704 -0.312453
-0.189848 -0.402418
0.168101 0.381219
0.145266 0.359791
0.138596 0.363034
-0.137783 -0.37134
0.138189 0.385511
0.128842 0.356548
-0.140211 -0.365456
-0.138223 -0.353939
-0.146339 -0.357379
-0.149659 -0.359982
-0.155226 -0.371323
0.155637 0.374584
0.140645 0.342484
0.138905 0.353754
-0.130874 -0.344526
-0.127003 -0.358787
-0.128594 -0.384047
-0.11307 -0.359471
0.108201 0.373008
0.0972833 0.354026
0.104915 0.386112
0.102377 0.377311
0.095602 0.363815
-0.0924457 -0.363441
-0.0860521 -0.364814
-0.0856603 -0.379948
-0.0861596 -0.385064
0.0821858 0.377326
-0.085584 -0.374498
-0.0868279 -0.365215
0.0872077 0.349307
0.0983093 0.381258
-0.0964593 -0.362032
0.0974401 0.361474
0.095778 0.360294
-0.0934375 -0.353291
-0.0908124 -0.380383
-0.0747454 -0.358222
0.0614698 0.341799
0.0599968 0.396013
-0.0504942 -0.37003
0.0401056 0.346676
-0.0383818 -0.343393
0.0419649 0.375132
0.0457479 0.34369
-0.0539596 -0.351592
0.0650077 0.398527
-0.0741517 -0.422441
-0.0644044 -0.353042
-0.0613114 -0.370295
0.0600884 0.379244
-0.0622317 -0.413787
0.0542092 0.407889
0.0442714 0.361823
-0.0377442 -0.367089
-0.0289034 -0.387966
0.0181006 0.3824
0.013149 0.378922
0.0126205 0.391041
0.00691102 0.359613
-0.00588851 -0.362099
-0.00126868 -0.372793
-0.00480716 0.378812
-0.00571957 0.363726
-0.00579008 0.384276
0.00446877 -0.353597
-0.00739072 0.358281
-0.00457433 0.376262
0.00197536 -0.352563
-0.00430085 0.352326
0.00365232 -0.374442
0.00783797 -0.360323
-0.01112 0.355291
-0.01512 0.386873
-0.0179325 0.391511
-0.0232567 0.378464
-0.0335026 0.380282
0.0429797 -0.369183
0.0544059 -0.375771
-0.0609348 0.364616
-0.066441 0.388913
-0.0625343 0.387332
-0.0546687 0.341899
0.0481993 -0.332833
0.0563274 -0.38383
-0.0503863 0.355607
0.0502903 -0.382267
-0.0527005 0.404541
0.0548426 -0.401417
0.049777 -0.370857
-0.0516895 0.35304
-0.0626957 0.417303
-0.0602589 0.366911
-0.0668571 0.371913
0.0706342 -0.36772
-0.0787551 0.389623
-0.0743172 0.364825
0.080406 -0.35901
0.103139 -0.420395
0.0892054 -0.330508
0.110702 -0.382068
-0.100651 0.352317
0.11606 -0.397769
-0.127891 0.427328
0.124667 -0.405752
0.111551 -0.373741
0.115267 -0.389034
-0.120319 0.40496
0.125025 -0.403469
0.114787 -0.371231
0.123711 -0.382243
0.118898 -0.342638
-0.118573 0.33682
-0.131847 0.355265
0.134579 -0.336049
-0.143955 0.352135
-0.142581 0.347328
0.149927 -0.347718
0.156718 -0.34963
0.168438 -0.364595
-0.165317 0.347159
-0.166609 0.341323
0.164668 -0.319634
0.188567 -0.364751
-0.173034 0.335891
0.173763 -0.345426
0.161271 -0.309777
-0.147385 0.29721
-0.177376 0.359329
0.164938 -0.336835
-0.181359 0.378104
0.202738 -0.412098
0.154654 -0.313135
0.177999 -0.343552
-0.178767 0.344871
0.206178 -0.376093
-0.205682 0.364633
0.189467 -0.330133
0.206101 -0.35078
-0.192336 0.328604
0.193116 -0.318197
0.216422 -0.338886
0.216306 -0.323885
-0.21576 0.318417
0.226495 -0.324794
0.215516 -0.304371
-0.212775 0.294007
0.217699 -0.298027
-0.220732 0.311777
-0.220634 0.313106
0.222156 -0.316612
-0.234752 0.330342
-0.225975 0.312078
-0.22583 0.304014
0.226346 -0.296149
-0.252682 0.31563
-0.23055 0.276929
0.232198 -0.268648
-0.243964 0.275231
-0.266548 0.294959
0.256679 -0.280884
0.267806 -0.290064
0.258411 -0.282298
-0.257586 0.282925
0.26119 -0.292302
0.249101 -0.283127
-0.247935 0.28082
0.252543 -0.288588
0.251863 -0.282078
-0.251842 0.278894
-0.261233 0.281032
0.266329 -0.274632
0.272729 -0.267326
0.286853 -0.26755
0.294468 -0.262749
0.292688 -0.252579
0.290989 -0.243266
-0.284177 0.232662
-0.302669 0.243591
-0.302034 0.244096
-0.29381 0.242811
0.268648 -0.226836
-0.262003 0.221341
-0.30397 0.263314
0.271398 -0.235995
-0.280122 0.238246
0.321246 -0.273468
0.237746 -0.199021
0.326826 -0.268641
-0.283782 0.224251
0.290449 -0.222905
-0.327486 0.237766
0.344356 -0.241717
0.309193 -0.209723
-0.340783 0.222671
0.348209 -0.226698
0.316931 -0.206683
0.317075 -0.206688
-0.333529 0.216766
0.362021 -0.236168
-0.345285 0.221776
0.311559 -0.203413
0.338435 -0.22036
0.332203 -0.214053
0.297251 -0.191612
-0.313475 0.191893
-0.302779 0.175866
-0.368904 0.201013
0.343012 -0.182546
-0.319237 0.160204
0.315563 -0.156845
0.334739 -0.170866
-0.309678 0.156819
-0.346041 0.172167
-0.378037 0.195186
0.381847 -0.198496
-0.3491 0.177665
0.320142 -0.165444
-0.34613 0.174714
-0.302651 0.145343
-0.379521 0.169619
0.348472 -0.148894
0.351398 -0.139508
-0.342398 0.125323
-0.372825 0.125985
-0.34858 0.114126
0.336495 -0.112783
0.371463 -0.132324
-0.344434 0.124755
0.330049 -0.126825
-0.336642 0.134347
-0.345365 0.13997
-0.376975 0.147751
-0.343398 0.134087
0.356283 -0.136736
-0.372689 0.138428
-0.354554 0.125085
-0.371728 0.121929
-0.337165 0.104807
-0.416436 0.123504
-0.353298 0.0968319
-0.366362 0.0939101
0.376945 -0.0954588
-0.403768 0.0982927
0.389719 -0.0946615
0.370392 -0.0976172
0.400798 -0.111594
0.326515 -0.0911282
0.393277 -0.107344
-0.361651 0.0961684
-0.346775 0.0800717
-0.420377 0.0851938
0.391302 -0.0664003
0.380751 -0.0590613
0.421772 -0.0704037
-0.433032 0.0688043
0.406732 -0.0570107
0.378802 -0.0581101
0.436552 -0.0794115
-0.458419 0.0831713
0.415532 -0.0676947
-0.36035 0.0636451
0.396782 -0.0660653
-0.443035 0.0709009
0.431629 -0.0604409
0.378389 -0.0553344
0.408233 -0.0601123
0.341208 -0.0465676
0.426505 -0.0513321
0.390041 -0.041311
0.397349 -0.0322507
-0.405259 0.0242894
0.406392 -0.00834197
0.402947 -0.000885665
0.376374 0.00288998
-0.387241 -0.00159517
-0.366089 -0.00406814
0.365912 0.00831583
-0.381281 -0.00227612
-0.384339 -0.0012593
-0.411997 -0.000677049
-0.396133 0.00102346
-0.3653 -0.00150755
-0.423092 -0.00463285
0.384038 0.0123009
0.393625 0.0142734
0.42408 0.00991511
-0.434946 -0.00897737
0.402273 0.0141772
-0.385018 -0.00891896
-0.359446 -0.0133846
-0.461886 -0.0211392
-0.361787 -0.0198028
-0.391375 -0.0299931
0.397017 0.0356354
-0.437783 -0.0435473
-0.365807 -0.0392266
-0.388787 -0.0485317
0.394233 0.0542269
-0.434673 -0.0656079
-0.348307 -0.0573932
0.360067 0.0681326
0.410124 0.0746764
-0.425915 -0.0783035
0.399554 0.0767767
-0.362141 -0.0649637
0.369031 0.067532
0.355925 0.060813
0.428064 0.0767334
0.393417 0.0648622
0.332851 0.0543639
0.435941 0.0786381
-0.377244 -0.0741729
0.35957 0.0839091
-0.399012 -0.1001
0.433641 0.120682
-0.412809 -0.119089
0.366165 0.112747
0.371191 0.120262
-0.346315 -0.114099
-0.385268 -0.136664
0.35659 0.134765
0.367824 0.142682
-0.35717 -0.138402
0.346757 0.137423
-0.353195 -0.138407
-0.35962 -0.141243
0.341075 0.135012
-0.337801 -0.131335
0.342274 0.133105
0.345766 0.137325
-0.331845 -0.133421
0.340457 0.142497
0.349088 0.153866
-0.34567 -0.159667
-0.352116 -0.170781
-0.345895 -0.176124
-0.329494 -0.176074
0.297288 0.163377
0.35956 0.206293
-0.330768 -0.195706
0.301984 0.182889
-0.307195 -0.189238
0.335993 0.203933
0.297449 0.175267
-0.322463 -0.188693
-0.304393 -0.179396
-0.365203 -0.211063
0.324641 0.187229
-0.312689 -0.182634
0.331676 0.192232
0.294746 0.175192
0.357921 0.221418
0.322176 0.206198
0.304217 0.207143
0.323746 0.234591
0.307283 0.231683
0.293175 0.225632
-0.275834 -0.218486
0.292821 0.227818
0.286805 0.219773
-0.294163 -0.222632
-0.282315 -0.211265
-0.33761 -0.247721
0.298977 0.219635
-0.290534 -0.219472
0.326325 0.241303
0.248411 0.189953
-0.267407 -0.207027
-0.302135 -0.236582
0.3149 0.237642
-0.334701 -0.262891
0.320366 0.252468
0.299565 0.240398
0.296795 0.246998
-0.303987 -0.26723
0.303514 0.269716
0.284631 0.25781
0.280406 0.256259
0.270746 0.250989
-0.256681 -0.243459
0.267743 0.25268
0.282949 0.269459
-0.275495 -0.269496
-0.279712 -0.271178
-0.264011 -0.258657
0.27767 0.271028
-0.288946 -0.296343
-0.249109 -0.253996
0.254677 0.257698
0.286911 0.294567
-0.281385 -0.304258
0.269752 0.292932
0.255426 0.28504
0.266932 0.305484
-0.266209 -0.319264
0.259339 0.309661
-0.237524 -0.289418
-0.23645 -0.288577
0.223365 0.264482
0.257953 0.315286
-0.229896 -0.285659
-0.26305 -0.324396
-0.225983 -0.282091
-0.234375 -0.293829
0.226379 0.289412
-0.242684 -0.33153
-0.188436 -0.268888
-0.232279 -0.341718
0.202973 0.303803
-0.196706 -0.314697
-0.192064 -0.30977
-0.215274 -0.348059
0.203299 0.316057
0.224432 0.344846
-0.212658 -0.333131
0.202322 0.310712
-0.195679 -0.301935
0.219611 0.331929
0.180903 0.286915
-0.178941 -0.291697
-0.203635 -0.341483
-0.188716 -0.322778
-0.199397 -0.345755
0.185535 0.328377
-0.183218 -0.331294
-0.168856 -0.310508
0.16355 0.29348
0.190628 0.357359
-0.169626 -0.322155
0.177631 0.338942
0.169897 0.330852
0.179196 0.364957
-0.163638 -0.338801
-0.164765 -0.345257
0.156491 0.332983
-0.156446 -0.331969
-0.160892 -0.339816
0.151451 0.32274
0.174611 0.380767
0.159735 0.354827
0.157201 0.3585
-0.16234 -0.368318
-0.137924 -0.317905
-0.156751 -0.374584
0.133401 0.33883
-0.128939 -0.333941
0.135871 0.36797
0.122639 0.340115
-0.122581 -0.335999
0.129113 0.357645
-0.137193 -0.365985
-0.135011 -0.354615
-0.139228 -0.374626
-0.130486 -0.363929
0.114752 0.353233
-0.10766 -0.357587
-0.0996065 -0.365148
0.07887 0.334695
-0.0763372 -0.341018
-0.0810643 -0.381741
0.0717697 0.362974
-0.0781624 -0.389368
0.0763384 0.420286
0.0614406 0.362703
0.0608132 0.395712
0.0569821 0.388332
0.0561458 0.406562
-0.0542324 -0.385212
0.0505925 0.381332
0.0498718 0.38726
-0.0526291 -0.362059
0.0527992 0.36506
-0.0625543 -0.369551
-0.0672571 -0.389689
0.0593952 0.380753
-0.0576223 -0.368372
0.0481696 0.367197
0.0427653 0.394455
0.0350311 0.405757
0.0240512 0.374544
-0.0214295 -0.369754
-0.0189449 -0.402293
-0.0120241 -0.381619
0.00501333 0.387774
0.00122994 0.383499
-0.00253047 -0.404395
-0.00612967 0.426799
-0.00756159 0.371633
-0.0110803 0.379243
0.00768766 -0.376827
-0.0171567 0.404288
0.0159886 -0.409471
0.0157552 -0.372985
-0.0253857 0.370309
0.0260032 -0.378718
0.0339234 -0.392677
0.0374222 -0.389868
0.0389425 -0.382062
-0.0430023 0.372383
-0.0440548 0.37436
0.0406195 -0.374748
0.0430572 -0.38384
-0.0456851 0.383053
-0.0416349 0.372375
-0.039746 0.368058
0.034475 -0.34196
0.0405763 -0.401316
-0.0415782 0.359646
0.0458137 -0.375213
0.0481423 -0.340478
0.0698176 -0.443324
-0.0698461 0.391477
0.071699 -0.35761
-0.0841194 0.360232
0.102455 -0.405708
0.0881211 -0.320742
-0.0940554 0.349708
-0.0927674 0.347543
-0.0941617 0.386982
-0.0893272 0.378346
-0.0875701 0.38041
-0.0808202 0.334488
-0.0948491 0.416536
0.0844431 -0.373789
-0.0798708 0.348802
0.0811927 -0.366893
-0.0905328 0.402431
-0.0714161 0.329696
0.0794638 -0.352709
0.089498 -0.379891
0.0887571 -0.3623
0.0992149 -0.371172
-0.0987681 0.357102
-0.102836 0.339366
0.107045 -0.331356
0.124838 -0.36112
-0.118072 0.338597
0.132796 -0.364086
0.125264 -0.332807
0.14574 -0.38028
0.137102 -0.353899
0.148579 -0.37678
0.134096 -0.329001
0.155731 -0.370512
-0.132726 0.32423
0.134644 -0.317051
0.154722 -0.368301
0.158303 -0.371317
0.148679 -0.349396
-0.16206 0.385969
0.181973 -0.409586
-0.163558 0.365788
0.149158 -0.326412
-0.149986 0.343197
0.172659 -0.380518
-0.170222 0.384965
-0.138182 0.334676
0.145299 -0.332499
-0.139147 0.327216
0.144553 -0.338155
0.151631 -0.342599
-0.150459 0.343867
0.163654 -0.355736
0.165904 -0.347696
0.172418 -0.335277
-0.187095 0.349413
-0.167065 0.295242
0.184591 -0.302113
0.20589 -0.321849
-0.208664 0.324865
0.225537 -0.34214
0.20162 -0.305812
0.218118 -0.328244
0.208563 -0.311503
0.234038 -0.342559
-0.223901 0.323872
0.217074 -0.298953
0.250923 -0.336595
0.227387 -0.294604
0.230196 -0.293643
-0.217937 0.284926
0.238826 -0.31242
-0.25406 0.337936
-0.212416 0.292262
-0.227927 0.310993
0.223311 -0.309035
0.212771 -0.282672
-0.215931 0.283878
-0.246573 0.311685
-0.242466 0.297672
-0.256281 0.309673
0.248147 -0.286248
0.264341 -0.291833
0.268902 -0.290461
-0.278931 0.296373
-0.256954 0.270386
0.258497 -0.26334
0.297694 -0.300176
-0.308031 0.301149
-0.269881 0.266766
-0.276486 0.274797
0.298348 -0.302662
-0.32629 0.323551
0.291973 -0.288171
-0.266991 0.26987
0.295699 -0.308487
0.203883 -0.207727
0.325181 -0.313674
-0.270096 0.251201
0.263417 -0.238808
-0.302329 0.259787
0.32301 -0.269043
0.29614 -0.238079
-0.330186 0.253647
0.33421 -0.249274
-0.312527 0.223175
0.301495 -0.212539
-0.332471 0.23172
-0.278162 0.193259
-0.362537 0.251446
-0.314674 0.225617
-0.31856 0.22531
-0.32348 0.226059
-0.328823 0.222525
0.312759 -0.214339
0.317402 -0.213615
-0.311156 0.203758
0.315113 -0.212868
0.319315 -0.213641
-0.322632 0.210805
-0.325242 0.213728
-0.326142 0.211549
0.3161 -0.209151
0.322674 -0.207284
-0.32145 0.195432
-0.339292 0.199525
0.329994 -0.190031
0.352947 -0.191172
-0.355003 0.177642
-0.354775 0.17178
-0.360886 0.171048
-0.325443 0.150082
-0.396581 0.181917
0.361831 -0.163465
0.35849 -0.153947
0.392822 -0.165497
-0.406537 0.161458
0.37585 -0.150778
-0.342912 0.140171
0.376335 -0.165223
0.294969 -0.125931
-0.311153 0.131194
-0.360439 0.144167
0.371823 -0.152287
-0.405704 0.15704
-0.338592 0.128315
-0.359634 0.127354
0.375846 -0.132093
-0.41722 0.132577
-0.340361 0.103688
-0.369154 0.109662
0.380142 -0.115802
0.334129 -0.0962655
0.401539 -0.108631
0.373144 -0.0979058
0.406197 -0.107044
-0.416111 0.102712
-0.349155 0.0857875
-0.367704 0.0880641
0.381207 -0.093984
-0.412135 0.0950991
0.405138 -0.0943458
0.378937 -0.0911112
0.370676 -0.0863676
-0.386888 0.0850174
-0.337015 0.0691835
0.355347 -0.0688876
-0.379956 0.0703046
-0.35347 0.0635562
0.351746 -0.0613585
-0.355303 0.0590663
-0.385669 0.0588473
0.382448 -0.0538893
-0.373604 0.0508991
0.352123 -0.0486996
-0.334116 0.0473314
-0.383777 0.0578367
0.341432 -0.0506527
-0.348345 0.0554016
0.408588 -0.0690739
-0.438248 0.075837
-0.342434 0.0602092
-0.376053 0.0565156
0.406551 -0.0571487
-0.449519 0.0572179
-0.332828 0.037219
-0.376817 0.0336979
0.392053 -0.0293521
-0.427402 0.0265042
0.402473 -0.0166852
-0.375299 0.0191772
-0.341006 0.0112728
0.310233 -0.0100141
0.405921 -0.00970802
-0.36502 0.0138422
0.409589 -0.0132103
0.317284 -0.00631058
0.410203 -0.00535657
-0.356651 0.0101302
0.389187 -0.00597298
-0.431747 0.00773479
-0.336815 0.00655096
-0.375826 -0.00145358
0.361568 0.0103371
0.372571 0.0165408
0.404683 0.0246847
0.367146 0.0261125
-0.358033 -0.0260339
0.370702 0.0367303
0.37003 0.0389575
-0.348998 -0.0360764
0.364433 0.0451053
0.372907 0.0425805
-0.367454 -0.0355577
-0.369175 -0.0388075
0.355457 0.0441137
0.392848 0.0499663
-0.369701 -0.0477297
0.349133 0.0570377
-0.351299 -0.0554144
-0.371188 -0.0654907
0.341422 0.0706769
-0.366633 -0.0736423
-0.349395 -0.0791517
-0.416549 -0.0981864
0.392195 0.0968073
0.377671 0.0874802
0.355069 0.0803999
-0.363964 -0.0797602
0.390419 0.0926056
0.367115 0.0882967
-0.406281 -0.0984756
0.407961 0.113194
-0.367063 -0.104034
0.368166 0.108852
0.304484 0.0950817
0.46354 0.141523
-0.404721 -0.126886
0.355774 0.118138
-0.385704 -0.124967
0.427331 0.149524
-0.412118 -0.145101
0.355133 0.130096
0.378534 0.138671
0.38844 0.141236
0.332702 0.117329
0.366749 0.137796
0.402926 0.157973
-0.39374 -0.159101
0.363506 0.16066
0.351706 0.161278
0.382714 0.172602
-0.397631 -0.178814
0.36999 0.173734
-0.338826 -0.154152
0.347866 0.157119
0.318 0.142847
-0.314644 -0.135227
0.333098 0.146382
0.366868 0.159996
-0.372364 -0.164906
-0.351699 -0.160257
-0.345753 -0.165713
0.34314 0.174251
-0.373452 -0.201225
-0.318759 -0.183604
-0.332185 -0.199248
0.310188 0.187825
0.325289 0.193255
-0.314814 -0.188437
-0.34262 -0.207603
-0.351728 -0.214149
0.348106 0.212132
0.320382 0.196963
0.336611 0.21133
0.308779 0.194764
0.358457 0.228456
-0.333483 -0.22279
-0.322161 -0.225965
-0.32546 -0.237871
0.324417 0.24118
-0.322501 -0.249102
-0.299605 -0.233176
0.284511 0.215605
0.335561 0.246829
-0.321661 -0.239501
-0.31721 -0.236448
-0.317163 -0.242108
0.321875 0.248288
0.291285 0.230439
0.296121 0.240456
-0.28447 -0.243186
-0.284249 -0.253218
0.273536 0.244824
0.293872 0.26646
0.294246 0.268602
0.283953 0.265018
0.277798 0.26559
-0.271895 -0.267782
-0.257227 -0.258243
0.250251 0.246451
-0.266082 -0.266635
-0.271257 -0.274549
0.283877 0.282365
-0.289849 -0.29978
0.277798 0.285258
0.272031 0.282268
0.279814 0.294036
-0.281987 -0.309303
0.278485 0.306736
0.250108 0.280066
-0.235125 -0.277192
-0.262746 -0.313736
0.254859 0.300587
0.254105 0.29837
0.254655 0.299949
-0.253672 -0.310071
-0.226963 -0.283042
0.23247 0.293004
0.238692 0.308773
-0.22936 -0.31157
0.231495 0.315408
0.219325 0.309389
-0.20666 -0.304284
-0.219409 -0.326707
0.215993 0.322519
0.213655 0.329579
0.200424 0.318829
0.209636 0.342462
0.200441 0.337135
0.188931 0.328638
-0.184868 -0.331514
-0.176252 -0.321795
-0.18637 -0.339747
0.186375 0.325743
0.185962 0.325752
-0.181848 -0.313719
-0.198042 -0.333167
-0.197858 -0.323597
-0.211379 -0.341787
-0.19329 -0.314251
-0.192224 -0.325904
0.182006 0.325617
0.163437 0.317002
0.18351 0.381074
-0.160999 -0.359854
-0.147836 -0.352177
-0.146995 -0.354979
0.152558 0.369515
-0.151353 -0.37197
-0.146208 -0.344328
0.159995 0.360837
0.144447 0.328885
-0.150487 -0.334662
-0.152995 -0.335774
0.1532 0.341674
-0.154861 -0.355347
0.150651 0.356691
-0.135356 -0.337131
-0.145683 -0.370058
0.132941 0.353761
-0.121917 -0.331191
0.127151 0.346874
0.115526 0.334552
0.139291 0.408651
-0.130732 -0.383939
-0.125068 -0.357993
-0.117161 -0.336796
0.117817 0.353795
0.111597 0.34505
0.111231 0.368064
0.120271 0.410817
-0.113433 -0.401854
0.0954227 0.369356
-0.0920497 -0.34917
0.104972 0.408137
0.0704889 0.295405
0.0941664 0.416502
-0.0830715 -0.354145
0.0832164 0.375452
-0.09166 -0.41518
-0.0750016 -0.322297
0.0780334 0.357081
0.0848759 0.375992
-0.0880292 -0.380003
0.0822811 0.384478
0.0790138 0.378333
0.0767276 0.392755
0.0608953 0.349415
-0.0611888 -0.350584
-0.0594746 -0.368309
0.0486654 0.365436
-0.0498519 -0.384822
-0.0458094 -0.369497
