-0.335069 0.223622
-0.313133 0.213952
-0.303206 0.210886
-0.360075 0.253479
-0.306308 0.215842
-0.306946 0.21684
0.314981 -0.227891
-0.362045 0.264496
0.35473 -0.266822
-0.309525 0.240931
0.28261 -0.234321
-0.313063 0.27321
-0.232223 0.214446
0.246672 -0.243931
0.249049 -0.252708
-0.235565 0.250646
-0.259436 0.288419
0.23647 -0.273587
-0.248725 0.296652
-0.227983 0.278639
-0.258846 0.319381
0.237622 -0.296528
-0.234001 0.291106
-0.239104 0.301059
0.219009 -0.28188
-0.215618 0.281473
0.226077 -0.305243
0.206693 -0.283158
-0.200184 0.283758
0.205126 -0.31012
0.204208 -0.324397
-0.201204 0.3405
-0.183899 0.328549
-0.17456 0.324831
0.180751 -0.348883
0.148214 -0.287122
0.194314 -0.379712
-0.168679 0.331241
0.163952 -0.326937
-0.181209 0.36626
-0.148223 0.305014
-0.173526 0.366014
-0.146707 0.323566
0.130815 -0.302674
0.158275 -0.36814
-0.141934 0.330045
0.14234 -0.339434
-0.156918 0.385423
0.158756 -0.406481
0.119563 -0.342553
0.112459 -0.354735
-0.105529 0.377075
-0.0804735 0.33057
0.0761301 -0.351242
0.0758759 -0.383193
0.0642845 -0.359792
0.0648702 -0.382902
-0.0554352 0.35475
0.0517931 -0.371744
0.048961 -0.356842
0.0508772 -0.413516
0.0410809 -0.370272
0.0430183 -0.380639
0.0473139 -0.38376
0.0523416 -0.387952
0.0547978 -0.380699
0.0566306 -0.381683
0.0562722 -0.3828
0.0533036 -0.384544
0.0473062 -0.384374
0.0367027 -0.383851
0.0263415 -0.388705
0.0146159 -0.387747
0.00376289 -0.387669
-0.00289176 -0.385864
-0.00783479 -0.391993
-0.0138952 -0.384143
-0.0202205 -0.37818
0.0301698 0.36751
0.0424561 0.379159
-0.0513722 -0.378477
-0.0598971 -0.386359
-0.0607745 -0.367257
0.0668803 0.373148
0.0688819 0.362214
-0.07226 -0.365896
-0.0803212 -0.395729
-0.0699713 -0.34515
0.0800104 0.362074
0.0832416 0.350795
-0.0964725 -0.368656
0.115622 0.411103
-0.120229 -0.403253
0.115467 0.36368
-0.130226 -0.367897
-0.110338 -0.308184
0.113761 0.304837
0.139233 0.366524
-0.132551 -0.344873
0.142126 0.379189
0.125805 0.331817
0.143848 0.377858
0.137992 0.363878
0.143285 0.375007
-0.150792 -0.381578
-0.138757 -0.350005
-0.137025 -0.336513
0.141695 0.335617
0.153903 0.336322
-0.158431 -0.319914
0.184575 0.349341
0.168957 0.304498
0.220007 0.367237
0.206977 0.322331
0.212058 0.323445
-0.22413 -0.331302
0.234542 0.354993
0.205366 0.313995
0.203244 0.310284
-0.208163 -0.313009
-0.196173 -0.302192
0.198798 0.307329
0.208913 0.31442
0.240055 0.343343
-0.242949 -0.332646
-0.231326 -0.305562
-0.235624 -0.30259
0.247734 0.31093
0.231105 0.279074
0.256566 0.302459
-0.245251 -0.276582
-0.267079 -0.298207
0.250733 0.278548
-0.257208 -0.275385
-0.263264 -0.274393
-0.308437 -0.30819
-0.25855 -0.251814
-0.279552 -0.273038
0.263157 0.258869
-0.289228 -0.283879
-0.254416 -0.251896
0.26281 0.25634
0.294589 0.274659
0.275125 0.245088
0.307826 0.256303
-0.293965 -0.229255
0.311479 0.231584
0.291561 0.210393
0.358672 0.245299
0.320561 0.209343
0.31624 0.202345
-0.328045 -0.204078
-0.316861 -0.197235
-0.342987 -0.215993
-0.346405 -0.220686
-0.308762 -0.196574
-0.343107 -0.2192
0.310259 0.197092
-0.30774 -0.191789
0.330122 0.197321
0.306061 0.175264
-0.317416 -0.175991
-0.330382 -0.18013
-0.384539 -0.204389
0.368511 0.191228
-0.342536 -0.174239
0.316976 0.156148
-0.343583 -0.162073
-0.321467 -0.145218
0.311159 0.134658
-0.360277 -0.150844
0.407977 0.16425
0.317623 0.121838
0.370754 0.134836
-0.370245 -0.123977
-0.340849 -0.108315
-0.40563 -0.124334
0.369292 0.109313
-0.361168 -0.104909
-0.365976 -0.105786
0.346291 0.0967154
0.385524 0.10843
0.388627 0.108769
0.347147 0.0966996
0.3858 0.108386
-0.36998 -0.102235
-0.375609 -0.10094
-0.381001 -0.0926713
0.392666 0.0806931
0.36821 0.0610755
0.378889 0.0493632
0.389169 0.0412239
-0.382456 -0.0329946
-0.386278 -0.0282527
-0.391655 -0.0276569
-0.376556 -0.0249063
-0.394257 -0.0270478
0.380757 0.0274431
0.392206 0.0298031
0.368394 0.0264861
0.376564 0.0213659
-0.356408 -0.0139202
0.384261 0.00490037
0.342267 0.000632808
-0.34513 0.00928514
-0.377918 0.0177374
0.356604 -0.0271868
-0.37516 0.0338773
-0.362553 0.0413126
0.360436 -0.0477122
0.393949 -0.0525254
0.35351 -0.0433429
-0.362294 0.0415423
-0.362171 0.0426885
0.354778 -0.042475
-0.378064 0.0432855
0.394092 -0.0528804
-0.390412 0.059279
-0.381645 0.0682101
0.391159 -0.0801409
-0.374828 0.0815698
0.357597 -0.0912632
0.351992 -0.0974687
0.413767 -0.125614
-0.401199 0.125289
0.364017 -0.119962
-0.354465 0.118955
-0.328578 0.111422
0.319153 -0.112905
0.363703 -0.128105
-0.346604 0.123379
-0.357058 0.133042
-0.365298 0.142416
-0.34141 0.137295
0.337732 -0.138983
0.359855 -0.148293
-0.360827 0.149575
-0.352115 0.153203
-0.329164 0.151015
0.326502 -0.160187
-0.348191 0.175388
-0.313041 0.168446
0.311488 -0.1793
-0.325497 0.194054
0.33316 -0.2159
0.297768 -0.204812
-0.307894 0.214785
-0.307662 0.219385
-0.315673 0.224159
-0.319013 0.223052
-0.310529 0.208302
0.319056 -0.205492
0.308496 -0.188609
-0.314732 0.185469
-0.320925 0.194202
-0.343811 0.228561
-0.292771 0.210867
0.297368 -0.233708
0.296904 -0.245709
-0.306872 0.262493
0.300729 -0.268105
-0.273655 0.253293
0.27576 -0.270682
0.242755 -0.242331
-0.233823 0.241114
-0.278542 0.289573
-0.271149 0.280103
-0.27149 0.278261
0.26746 -0.270687
-0.268767 0.272197
-0.253018 0.260198
0.234042 -0.247971
0.281545 -0.308309
0.259134 -0.297564
0.256034 -0.307463
-0.266933 0.335128
0.260822 -0.33658
-0.225212 0.304604
0.228335 -0.325879
0.188863 -0.27216
0.25184 -0.377128
-0.2146 0.330207
0.204835 -0.322102
0.203524 -0.319171
0.231382 -0.363586
0.198688 -0.309017
-0.203941 0.322269
-0.200902 0.321814
0.200528 -0.326442
-0.195007 0.336075
-0.185806 0.339366
0.180128 -0.350633
0.176044 -0.351832
0.168653 -0.340387
-0.169828 0.353479
-0.151995 0.317601
0.157748 -0.328501
0.164824 -0.343992
-0.158154 0.346416
0.171784 -0.384303
0.143657 -0.323816
-0.146731 0.346705
-0.146063 0.372558
0.149313 -0.403035
-0.139371 0.400156
0.12056 -0.377101
0.107005 -0.3624
0.115365 -0.433361
-0.108252 0.431081
0.0929468 -0.384718
-0.0747849 0.347819
0.0793124 -0.378447
0.0714159 -0.338418
-0.0686897 0.336724
0.0788015 -0.386495
0.07033 -0.35245
0.08017 -0.405999
-0.0698525 0.37426
0.0666903 -0.373129
0.0678829 -0.380184
-0.0598635 0.362588
0.0566737 -0.361369
-0.0483383 0.366877
-0.0418872 0.388057
0.0344682 -0.370426
-0.0249581 0.373566
-0.0188792 0.387798
-0.0141561 0.410932
0.0112982 -0.402568
-0.00644246 0.399385
-0.00343212 0.374035
0.0029338 -0.35872
-0.00024979 0.375714
0.00146014 0.379424
-0.00203595 -0.382034
-0.00308907 -0.372991
-0.00528804 -0.395328
0.0092928 0.371669
-0.0138886 -0.375213
-0.0192924 -0.373362
0.0262819 0.35268
-0.0368682 -0.371208
-0.0450389 -0.366211
0.0555001 0.356703
0.0670907 0.38684
-0.0706248 -0.377022
-0.0754069 -0.384519
-0.0759112 -0.373693
-0.0773332 -0.384164
-0.0738893 -0.389669
-0.0674982 -0.366969
0.0682134 0.369147
0.0671565 0.380117
0.0694541 0.385063
0.065751 0.35494
-0.0659229 -0.341528
0.0827542 0.3744
0.0862872 0.351265
-0.109646 -0.366369
0.135434 0.402658
-0.145851 -0.399122
-0.142722 -0.34576
-0.15061 -0.354109
0.16676 0.379626
-0.174771 -0.397356
0.156113 0.361224
-0.139725 -0.32599
-0.15537 -0.361442
0.138121 0.324258
-0.145106 -0.328588
-0.147946 -0.327957
-0.188643 -0.401835
0.183559 0.383254
-0.166468 -0.342244
0.162447 0.319144
-0.188639 -0.348927
-0.169931 -0.287402
-0.21963 -0.354593
-0.217859 -0.328275
0.234341 0.344379
0.200351 0.293682
0.212886 0.308688
-0.205062 -0.292832
0.220108 0.310464
-0.244712 -0.333251
-0.208091 -0.273734
0.240859 0.315158
0.196959 0.262063
0.245306 0.322869
-0.220303 -0.280397
0.236978 0.290716
-0.275545 -0.321964
0.295104 0.334046
0.245909 0.259979
0.255699 0.266499
-0.266715 -0.26488
-0.252638 -0.246668
0.256486 0.252579
0.279872 0.278042
0.256792 0.258565
-0.261999 -0.259881
-0.259406 -0.254671
0.256793 0.251186
-0.278425 -0.262703
0.299736 0.272816
0.279056 0.240532
0.290427 0.241165
0.308911 0.245543
-0.295688 -0.222376
0.301762 0.217186
0.306917 0.212166
0.35593 0.235305
0.297635 0.192456
0.33344 0.213763
0.316806 0.200214
0.354594 0.224102
-0.339209 -0.212453
0.314786 0.198875
-0.329028 -0.198708
-0.289376 -0.172299
-0.381037 -0.220617
-0.328458 -0.181791
-0.338722 -0.185533
0.362491 0.198172
0.307453 0.16805
0.334158 0.181058
-0.353063 -0.177907
-0.293572 -0.144468
-0.389627 -0.176533
0.341933 0.147656
-0.376383 -0.150676
-0.28563 -0.111255
-0.424284 -0.159118
0.353853 0.129994
-0.363554 -0.128587
0.424832 0.145037
-0.437611 -0.146646
0.379917 0.118707
-0.369655 -0.103622
-0.33879 -0.0897879
-0.436254 -0.106589
-0.362218 -0.0771853
-0.392871 -0.0810936
-0.356887 -0.0724132
-0.409453 -0.0829588
0.363955 0.0747638
-0.369107 -0.0788521
-0.368352 -0.0776351
-0.408957 -0.0806695
0.38834 0.0682216
0.378231 0.0599529
-0.380041 -0.0531498
0.391073 0.0404217
0.382847 0.0261859
0.384384 0.0155312
0.41245 0.007623
0.396386 0.00370735
0.371135 0.00161962
-0.401829 -0.000535548
-0.331662 0.000952214
-0.430195 0.00344591
0.375181 -0.00612806
-0.383745 0.0059909
0.437511 -0.00984626
0.335083 -0.00506735
0.414106 -0.00644676
0.382062 -0.0064308
0.431483 -0.0114657
-0.418997 0.0123542
0.39686 -0.0201544
0.385158 -0.0243201
0.4272 -0.0413928
-0.416536 0.0463675
0.400148 -0.0568537
0.359428 -0.0584271
-0.3268 0.0595633
-0.419413 0.0864183
0.371495 -0.0820074
-0.36288 0.0814029
0.401242 -0.0913498
-0.436617 0.0960947
-0.356749 0.0783253
-0.361315 0.0818824
-0.423648 0.0970323
-0.383395 0.0879765
-0.360592 0.0814403
0.385076 -0.0886909
-0.443653 0.0981358
0.436361 -0.103077
-0.383057 0.096123
0.355371 -0.105329
-0.395948 0.128379
-0.302405 0.111781
0.325464 -0.13369
0.337237 -0.141653
-0.323588 0.141594
-0.355232 0.160696
0.330573 -0.154529
-0.331006 0.151502
0.345571 -0.162337
0.332333 -0.154704
-0.317258 0.145336
0.330918 -0.155319
-0.356743 0.170618
-0.320205 0.157449
0.318348 -0.16306
-0.335698 0.175605
-0.327235 0.175854
0.319032 -0.180484
0.34084 -0.198314
0.350118 -0.21167
0.29857 -0.182834
-0.304691 0.188107
-0.314614 0.196329
0.307916 -0.2014
-0.326912 0.220042
0.336678 -0.237773
-0.321323 0.23529
-0.310411 0.236939
0.317777 -0.251502
0.294945 -0.24049
0.278926 -0.235526
-0.281527 0.239842
0.313465 -0.270471
-0.325597 0.27831
-0.276668 0.230934
-0.291285 0.241219
-0.299732 0.249638
-0.303663 0.254245
-0.287341 0.244507
-0.290606 0.250294
-0.286411 0.256691
0.273016 -0.261781
-0.271795 0.275653
-0.260626 0.282542
0.264005 -0.309361
0.23166 -0.286606
0.222573 -0.288093
-0.219342 0.298427
0.242931 -0.33845
-0.243656 0.346124
-0.200085 0.287211
0.201279 -0.292675
0.230476 -0.349127
-0.218235 0.337059
0.199783 -0.314266
-0.200088 0.32446
-0.17359 0.280572
-0.226562 0.368593
0.200469 -0.326076
-0.186387 0.309052
-0.19573 0.326245
-0.203596 0.349481
-0.17376 0.31194
0.165691 -0.314487
-0.162473 0.331926
-0.154597 0.330881
0.145864 -0.329622
0.14408 -0.347659
0.148652 -0.380727
-0.13628 0.362968
0.134364 -0.357933
0.12383 -0.333708
-0.109737 0.307957
-0.133018 0.380846
0.119965 -0.349011
-0.117439 0.371778
-0.0989992 0.316477
-0.125493 0.406667
0.110335 -0.360338
-0.101202 0.35047
0.111589 -0.391024
0.0825049 -0.311464
-0.0810373 0.341719
-0.0794307 0.348721
0.0765708 -0.347569
0.0718108 -0.377491
0.0681196 -0.392166
0.0584791 -0.389924
-0.0510599 0.405909
0.0546954 -0.413304
0.0478237 -0.376781
0.0464558 -0.382541
-0.0440449 0.40067
0.0515754 -0.431922
0.0399775 -0.36304
0.0350517 -0.357303
-0.027196 0.345712
-0.030612 0.375503
0.0300158 -0.349975
-0.0207486 0.372613
0.0206349 -0.408085
-0.0119562 0.424527
-0.00152411 0.357583
-0.00234447 -0.367104
-0.016638 -0.410618
-0.0233084 -0.371707
-0.030533 -0.379485
0.0411762 0.371593
-0.0447662 -0.409166
-0.0419803 -0.344002
0.0532563 0.366894
0.0565307 0.379028
-0.0559954 -0.391066
0.0654224 0.412593
0.0618492 0.37573
0.0611563 0.369952
-0.061355 -0.37282
-0.0624145 -0.355775
0.0666998 0.352651
-0.0715676 -0.380516
-0.0681573 -0.353882
0.0754359 0.364062
0.0810145 0.387192
0.0822393 0.371637
0.100144 0.404364
-0.103992 -0.393154
-0.114692 -0.368842
-0.123974 -0.35659
0.142771 0.367028
-0.152279 -0.379076
0.162246 0.370692
0.162291 0.352441
-0.162814 -0.347229
0.167355 0.343876
-0.166614 -0.343122
-0.170559 -0.352196
-0.173607 -0.357011
-0.158998 -0.328003
0.15457 0.321871
-0.16825 -0.351968
-0.150934 -0.317122
0.153579 0.316246
-0.164434 -0.341302
-0.172574 -0.347745
0.183452 0.356019
-0.185451 -0.348658
0.189223 0.338265
0.191868 0.332354
0.224463 0.375085
0.184944 0.298146
0.213174 0.338151
-0.193715 -0.295977
0.209968 0.312189
0.212309 0.310192
-0.205828 -0.288733
0.214685 0.29269
-0.22628 -0.29322
-0.232996 -0.292235
0.224061 0.277581
-0.234001 -0.280761
0.261443 0.306654
0.241775 0.275686
0.275188 0.304699
0.262211 0.281156
-0.267517 -0.276523
-0.267047 -0.271231
-0.271229 -0.271053
0.26152 0.257352
0.291422 0.287486
-0.273596 -0.268853
0.268442 0.267491
0.269592 0.271419
0.303528 0.305007
-0.297909 -0.293797
0.276247 0.276058
-0.26876 -0.25705
-0.274117 -0.254496
0.264812 0.236596
-0.283552 -0.233508
-0.309106 -0.238054
-0.327609 -0.232209
-0.307602 -0.2033
0.318695 0.199187
0.318352 0.191038
-0.31518 -0.183762
-0.335952 -0.200205
0.32495 0.201339
0.339634 0.217824
0.30489 0.201392
-0.321127 -0.21052
-0.299284 -0.200431
0.323114 0.217098
-0.366705 -0.239033
-0.287061 -0.180873
-0.329529 -0.199533
0.323412 0.182483
-0.365627 -0.190434
0.381495 0.19372
-0.369222 -0.173946
-0.348239 -0.155008
0.347132 0.151869
0.373421 0.153321
0.348752 0.134582
0.342194 0.127595
0.410327 0.14484
0.339981 0.1165
0.357134 0.116341
-0.353493 -0.105014
0.391329 0.115561
-0.400613 -0.108325
0.385162 0.100032
0.359676 0.0846757
-0.35046 -0.0726692
-0.397983 -0.0795818
-0.372626 -0.0723205
-0.368568 -0.0737016
0.378606 0.0786667
0.35016 0.0687143
-0.368089 -0.0679038
-0.372253 -0.0668257
0.380593 0.0679972
-0.39547 -0.0596577
-0.371842 -0.0457334
-0.392878 -0.041932
-0.358748 -0.032835
-0.41377 -0.0365317
-0.377705 -0.0336626
-0.365723 -0.0325008
0.361302 0.0316823
-0.401639 -0.0260006
-0.36668 -0.0164224
-0.357031 -0.0107412
-0.437726 0.00505907
0.396274 -0.0116207
-0.361828 0.0175693
0.371136 -0.0271347
-0.433401 0.0403996
0.442308 -0.0451657
-0.39549 0.0476994
0.359696 -0.0513241
0.363088 -0.0543911
-0.336424 0.0537239
0.34274 -0.054264
-0.366473 0.0581218
-0.373579 0.0558721
0.356038 -0.0479821
-0.362865 0.047622
-0.377817 0.0449186
-0.409425 0.0479658
0.403848 -0.0483375
0.355633 -0.0487325
-0.36312 0.0526888
-0.394209 0.0677677
0.376924 -0.0728473
-0.372225 0.0863653
-0.363778 0.0954452
-0.409391 0.125108
-0.32979 0.113382
-0.366824 0.133123
0.323274 -0.13092
-0.346371 0.144632
-0.341284 0.142526
-0.380548 0.15508
-0.365623 0.148575
0.377294 -0.154536
-0.379647 0.153954
0.357352 -0.144623
0.356268 -0.145924
0.370749 -0.156389
-0.382508 0.164778
-0.32957 0.145309
0.339295 -0.154953
0.359266 -0.172805
0.341764 -0.171256
0.333154 -0.173799
-0.336157 0.182989
-0.321117 0.176526
-0.3508 0.201504
0.327052 -0.200889
0.304867 -0.199331
-0.286149 0.195161
-0.329097 0.229585
0.307319 -0.218764
0.295341 -0.21123
0.367315 -0.272693
-0.345913 0.255832
0.302125 -0.230587
-0.304942 0.247613
0.348435 -0.297413
-0.359704 0.314946
-0.264023 0.247276
-0.282722 0.263316
0.299693 -0.284639
-0.324767 0.305496
0.290961 -0.278247
-0.256407 0.246958
-0.302061 0.289951
0.266714 -0.258191
-0.257114 0.247433
0.277042 -0.269393
-0.313125 0.302913
0.320889 -0.316426
0.257975 -0.257096
0.282394 -0.279005
0.273024 -0.273831
0.295169 -0.300632
0.265772 -0.280279
0.255839 -0.278356
-0.24711 0.280884
-0.243309 0.289226
0.228172 -0.288433
-0.226534 0.305483
-0.221036 0.314768
0.210526 -0.316861
0.213642 -0.339156
0.198117 -0.328611
-0.202684 0.33808
-0.189944 0.31221
0.195765 -0.320073
0.195384 -0.319981
-0.191659 0.313666
-0.200287 0.329704
0.192889 -0.323395
0.192386 -0.328014
0.2085 -0.37543
0.176716 -0.328974
0.178533 -0.338026
-0.181681 0.357701
-0.147276 0.291914
-0.185541 0.392244
0.15432 -0.343359
-0.148622 0.347037
0.161333 -0.391827
-0.168944 0.412977
-0.128707 0.329419
0.129839 -0.342681
0.140362 -0.396362
-0.134563 0.38841
0.120232 -0.369471
0.112932 -0.362668
0.120287 -0.416795
-0.114139 0.407015
0.102023 -0.381474
0.0955106 -0.373392
0.0999669 -0.407526
-0.100535 0.409437
-0.0891722 0.36145
-0.0994243 0.38827
-0.0900783 0.339915
-0.103044 0.397366
0.0882306 -0.370507
0.0820684 -0.361334
0.080696 -0.425495
-0.0717398 0.416496
0.0524844 -0.37989
-0.0365132 0.370992
-0.028186 0.361007
-0.0272014 0.417762
0.0209877 -0.396641
0.0194667 -0.376118
-0.0210439 0.365896
0.019957 -0.369648
0.0195482 -0.369361
-0.0158941 0.340925
0.00947864 -0.349965
0.00478876 -0.388802
0.00212322 0.360814
-0.0106792 -0.351909
0.0189725 0.360394
-0.0337732 -0.400012
-0.038942 -0.341504
0.049794 0.377029
-0.0607753 -0.423541
0.0629679 0.404238
-0.0635532 -0.376305
-0.0652906 -0.357264
-0.0819225 -0.440012
0.0786573 0.423954
-0.0704109 -0.38956
-0.0649662 -0.363111
-0.0804339 -0.432411
0.0797899 0.419683
-0.0721037 -0.372836
0.0796657 0.360045
-0.100341 -0.416201
-0.0788002 -0.299859
0.100467 0.337336
0.118378 0.363612
-0.133907 -0.387845
0.141544 0.396112
0.136519 0.351184
0.145133 0.35833
-0.16233 -0.390834
0.166914 0.400224
-0.156224 -0.364871
-0.152651 -0.358134
-0.14954 -0.364288
0.156127 0.380024
0.139715 0.335709
0.152418 0.349513
0.159061 0.345462
-0.155935 -0.328077
0.167459 0.339754
0.167475 0.327243
-0.168434 -0.322221
0.181085 0.33799
0.179974 0.327071
-0.188649 -0.334162
-0.177703 -0.311859
0.187641 0.313874
0.197492 0.313383
-0.195204 -0.295733
0.209629 0.305965
-0.230816 -0.329003
-0.204681 -0.289814
0.2201 0.308199
-0.241867 -0.336976
-0.211994 -0.291085
-0.228751 -0.31037
0.23045 0.302296
0.225982 0.283874
0.262845 0.321533
-0.248408 -0.296385
0.229394 0.268188
0.281919 0.312087
-0.255536 -0.276009
0.241952 0.256092
-0.277171 -0.284529
0.330829 0.333796
0.222149 0.219859
0.286288 0.276177
-0.285372 -0.264102
0.334843 0.300618
-0.341793 -0.304479
0.29978 0.263777
-0.275807 -0.236702
0.314711 0.264953
0.249621 0.204001
0.3314 0.268651
0.328164 0.257867
0.276838 0.215357
0.311896 0.23744
-0.28643 -0.216141
0.327076 0.242723
0.260137 0.190915
0.363192 0.256044
-0.315874 -0.215421
0.310451 0.199985
-0.340646 -0.208207
0.370492 0.222089
0.304601 0.170758
-0.314788 -0.173289
0.327361 0.174986
0.347394 0.176119
-0.339545 -0.165714
-0.343776 -0.167022
-0.377143 -0.183604
0.369585 0.179245
-0.355477 -0.170332
-0.361052 -0.171686
-0.356896 -0.166577
0.374861 0.167094
0.33197 0.140775
-0.364077 -0.150492
-0.337688 -0.139893
-0.371745 -0.152049
0.35586 0.140851
0.355066 0.134108
0.405585 0.142794
0.347722 0.115641
0.372577 0.117352
-0.37633 -0.110167
-0.343069 -0.0984271
-0.404139 -0.107159
0.371043 0.0896989
-0.383156 -0.0827681
-0.345309 -0.0729332
0.34384 0.0659714
0.384969 0.071389
-0.383383 -0.0664975
-0.363943 -0.063941
-0.408503 -0.0653748
0.386097 0.0537104
0.394238 0.0493546
0.391106 0.0443183
-0.404431 -0.0435111
-0.364494 -0.0368391
0.38565 0.0332233
0.378431 0.026659
0.403951 0.0207535
0.395943 0.0132839
0.383873 0.00835325
-0.386401 -0.00245515
-0.375649 -0.00209706
0.368642 -0.00115567
-0.363749 0.00585341
-0.414057 0.0122262
0.386992 -0.0142437
-0.366984 0.0201789
0.393437 -0.0320162
0.336967 -0.0307548
0.43354 -0.0453184
-0.383686 0.0431394
0.384262 -0.0461382
0.350991 -0.0433725
-0.343514 0.0472342
-0.385539 0.053969
0.378429 -0.0539162
0.370284 -0.0525418
0.396487 -0.0600601
-0.381488 0.0633794
-0.364097 0.0642158
0.351452 -0.0684507
0.388091 -0.0793385
-0.36092 0.0801013
0.369829 -0.0882871
0.348678 -0.0865092
-0.342982 0.0938799
-0.367826 0.104559
0.355845 -0.102716
0.374736 -0.110306
0.377809 -0.112387
0.365743 -0.110282
0.367191 -0.109148
0.381796 -0.113561
-0.374226 0.113998
-0.364469 0.116628
-0.35217 0.122318
0.358511 -0.137124
0.332138 -0.134873
-0.335246 0.148357
-0.352858 0.168542
-0.336106 0.171885
-0.339498 0.183654
-0.342002 0.193652
-0.33621 0.194171
0.352424 -0.205178
0.304159 -0.176897
0.326031 -0.191864
-0.327893 0.194757
-0.297519 0.179528
-0.352164 0.218145
0.316582 -0.199487
-0.308258 0.197975
-0.307321 0.202783
0.291149 -0.195196
0.317341 -0.210837
-0.294113 0.198107
-0.333809 0.234443
0.315646 -0.23107
-0.290483 0.223775
0.266402 -0.21989
-0.277569 0.241379
-0.255354 0.234762
0.241698 -0.232261
-0.269899 0.26547
0.298467 -0.301893
0.235238 -0.238515
0.275341 -0.275625
-0.264574 0.262254
-0.260702 0.258821
-0.287967 0.289133
0.2774 -0.278599
0.288974 -0.286629
0.241754 -0.235982
0.278694 -0.271858
-0.24736 0.245457
0.266532 -0.277767
-0.298939 0.325299
0.298444 -0.337046
0.228189 -0.281947
0.236009 -0.303256
-0.242151 0.329843
0.248336 -0.34618
-0.224866 0.331651
-0.195435 0.309539
0.178608 -0.295638
0.210391 -0.351637
-0.191103 0.32167
0.188403 -0.322907
0.189119 -0.31843
0.215764 -0.355628
0.191106 -0.313321
-0.192787 0.31907
-0.193134 0.333915
0.185241 -0.332128
-0.177422 0.336617
-0.170505 0.342947
