-0.145065 0.386159
-0.128657 0.353688
-0.126446 0.353287
-0.145548 0.413606
-0.125192 0.360015
-0.117016 0.336513
0.11458 -0.35851
-0.127005 0.424023
0.119163 -0.427978
-0.0951885 0.386382
0.0727202 -0.367058
-0.071385 0.430203
-0.0401196 0.298054
0.035059 -0.355181
0.0296512 -0.342518
-0.0229794 0.359676
-0.0200032 0.37017
0.0171571 -0.357994
-0.0176724 0.398398
-0.01611 0.363201
-0.0176251 0.398862
0.0167084 -0.385219
-0.0145819 0.399286
-0.00861113 0.360412
0.00188496 -0.351269
0.00555686 0.360624
-0.0194905 -0.402653
-0.0212822 -0.327772
0.0325997 0.343286
-0.0499842 -0.388398
-0.0543938 -0.359545
0.0710398 0.397128
0.0728903 0.369999
0.0724146 0.349558
-0.0825848 -0.3906
-0.0645791 -0.321387
-0.0842835 -0.402646
0.0785716 0.36117
-0.0832995 -0.359073
0.103135 0.413586
0.0861218 0.319257
0.112408 0.397346
0.102695 0.331804
-0.112579 -0.330476
-0.1292 -0.355424
0.128231 0.327327
-0.144228 -0.332678
0.175049 0.381341
-0.195763 -0.409608
-0.162838 -0.31781
-0.170684 -0.323332
0.197602 0.358263
0.160664 0.281784
-0.18766 -0.318141
-0.197256 -0.328635
-0.194269 -0.319854
-0.194672 -0.315815
0.190473 0.30447
-0.212493 -0.326591
-0.19534 -0.296297
-0.237319 -0.346159
-0.215909 -0.300822
-0.228953 -0.307329
-0.236207 -0.307492
-0.239329 -0.308967
-0.23784 -0.302695
-0.240628 -0.302071
-0.24332 -0.301224
-0.24518 -0.300468
-0.246587 -0.299187
-0.244921 -0.297231
-0.251231 -0.29861
-0.252621 -0.294147
-0.258628 -0.287459
-0.266949 -0.279855
-0.275618 -0.276626
-0.284429 -0.265277
-0.279222 -0.241027
0.304802 0.236985
0.297447 0.210051
-0.326979 -0.213842
-0.333516 -0.205272
-0.31265 -0.185036
0.344852 0.197011
0.305483 0.172881
-0.329758 -0.191558
-0.344931 -0.209679
-0.291657 -0.182775
0.330582 0.206453
0.287216 0.175696
-0.319576 -0.184806
0.369315 0.204822
-0.374238 -0.198855
0.35215 0.17313
-0.378415 -0.161788
-0.288947 -0.118797
0.319345 0.116786
0.352768 0.123469
-0.350542 -0.104945
0.403052 0.113604
0.339329 0.0873741
0.393767 0.0993723
0.382742 0.0890013
0.376399 0.0867973
-0.409194 -0.0935212
-0.363521 -0.0903794
-0.34466 -0.0911335
0.367488 0.103213
0.338406 0.0897647
-0.344684 -0.08219
0.40002 0.0854585
0.338557 0.0658044
0.424623 0.0655338
0.38567 0.0407006
0.367425 0.0282545
-0.396343 -0.0158021
0.439981 0.0153024
0.370743 -0.00061354
0.363818 -0.00789975
-0.391903 0.017596
-0.343733 0.0145762
0.372607 -0.0100145
0.380567 -0.0104145
0.406808 -0.0150989
-0.424161 0.0234057
-0.38261 0.0211668
-0.371309 0.0241821
0.406026 -0.0277092
0.360281 -0.0322342
0.388878 -0.0420054
-0.387027 0.0567486
-0.374853 0.0645401
0.36687 -0.0704118
-0.383885 0.0839208
-0.369321 0.0835444
-0.425913 0.0931145
-0.357825 0.0772942
-0.368613 0.0787435
0.360489 -0.0790515
-0.414124 0.101207
-0.329845 0.0855008
0.363533 -0.101795
0.378015 -0.118485
0.356416 -0.122904
0.358024 -0.136876
-0.344564 0.145639
0.367142 -0.165553
0.322508 -0.151241
0.391726 -0.192225
0.342452 -0.176445
0.321694 -0.168344
-0.35104 0.186378
-0.330545 0.169618
-0.366901 0.186281
-0.363536 0.18199
-0.336856 0.166921
-0.349893 0.172348
0.327032 -0.160698
-0.330085 0.16496
0.359087 -0.187527
0.290373 -0.163898
-0.31388 0.193273
-0.324363 0.209361
-0.342956 0.237383
0.33248 -0.240035
-0.311261 0.233212
0.285256 -0.222672
-0.315716 0.254543
-0.254823 0.210101
0.250405 -0.212461
-0.296819 0.25476
0.34327 -0.297637
0.252649 -0.221908
0.28729 -0.25561
-0.29816 0.267383
-0.268784 0.243498
-0.303241 0.27777
0.282159 -0.266215
-0.285306 0.278327
-0.253337 0.262336
0.244432 -0.276102
0.254109 -0.307312
0.243015 -0.319383
0.212339 -0.295713
0.221019 -0.319166
-0.221477 0.326609
-0.215937 0.325088
-0.208656 0.318155
0.222213 -0.34864
0.192602 -0.310684
0.202394 -0.331923
0.191818 -0.325664
-0.198627 0.342852
-0.187095 0.334824
-0.182255 0.346893
-0.170246 0.341185
-0.165556 0.344905
0.165858 -0.35832
0.160493 -0.349188
0.157117 -0.341958
0.149199 -0.329251
-0.146692 0.325681
0.15498 -0.370152
0.121094 -0.304285
-0.122874 0.338084
-0.116036 0.341127
0.102865 -0.341754
-0.108271 0.380098
-0.0862283 0.335034
0.0805314 -0.361526
0.0837235 -0.387789
0.0686607 -0.341555
-0.0711389 0.376676
-0.059859 0.335033
0.0562665 -0.342571
-0.0622044 0.372087
0.0601987 -0.399816
-0.0589468 0.417908
-0.0434855 0.356509
0.0405531 -0.388936
-0.0393517 0.384381
0.0304132 -0.382951
0.0254355 -0.36757
0.0259288 -0.414912
-0.0249823 0.417146
0.0143517 -0.391304
-0.00448613 0.394813
0.0019502 0.332314
-0.0130166 -0.351694
-0.0150792 -0.372081
0.023079 0.379123
0.0272685 0.375973
0.0346815 0.396358
0.0374291 0.356285
-0.0465726 -0.380941
-0.0501908 -0.368273
0.0566735 0.395103
0.0683643 0.381402
0.071671 0.341623
-0.0851316 -0.356755
0.100277 0.401983
0.0876112 0.320004
-0.095687 -0.339103
0.104183 0.368925
-0.118969 -0.402983
-0.098866 -0.327588
0.112522 0.365762
0.115315 0.358594
0.126638 0.367442
0.134908 0.368148
0.131162 0.341033
-0.148296 -0.368221
-0.129436 -0.322813
0.141689 0.349283
0.144248 0.342676
0.172574 0.381812
0.150228 0.317412
-0.175977 -0.357592
-0.162696 -0.322894
0.181722 0.349811
-0.19096 -0.356328
0.185864 0.334344
-0.205637 -0.354705
-0.164011 -0.281078
0.179725 0.295418
0.210117 0.337261
0.214741 0.336292
0.206803 0.309654
-0.215882 -0.314794
0.233652 0.329948
0.204477 0.279073
-0.212031 -0.280145
-0.25155 -0.328116
-0.248441 -0.318598
-0.236336 -0.29308
0.26966 0.321654
-0.2759 -0.32511
0.258277 0.285735
-0.285989 -0.295401
-0.234429 -0.236806
-0.31447 -0.307085
0.290456 0.269743
-0.297938 -0.264454
-0.278303 -0.245657
-0.330409 -0.283963
-0.273481 -0.226991
0.313531 0.247756
0.285446 0.215847
-0.304008 -0.228741
0.33136 0.239568
0.300196 0.210813
-0.328472 -0.228771
-0.321556 -0.223706
-0.304888 -0.209045
0.341171 0.221181
0.285238 0.180484
-0.3195 -0.2023
-0.304216 -0.193506
0.326351 0.191491
-0.381202 -0.214817
-0.295085 -0.161044
0.350593 0.17751
0.340429 0.15909
-0.384318 -0.167961
0.394485 0.163422
-0.381315 -0.149952
-0.355451 -0.132176
-0.401445 -0.144803
0.414921 0.143921
-0.376758 -0.12842
0.349444 0.106712
-0.393679 -0.111532
-0.311409 -0.0801042
0.329816 0.0752104
-0.39416 -0.0842145
-0.353341 -0.0711724
-0.393211 -0.0759125
0.380449 0.0709925
-0.396797 -0.0757825
-0.35372 -0.0700841
0.355183 0.0679146
-0.365065 -0.0654781
0.390715 0.0625026
0.363844 0.0480859
-0.365163 -0.0394228
0.385767 0.032668
0.390679 0.0223369
0.397089 0.00920919
-0.407959 -0.00105349
0.424376 -0.00364159
0.35246 -0.00573467
-0.357561 0.00687901
0.396476 -0.00522481
0.360768 -0.00505307
-0.38899 0.00814644
-0.37853 0.00902475
-0.382903 0.0140068
0.37571 -0.0202555
-0.398776 0.0321218
-0.352029 0.0345269
0.351422 -0.0419525
-0.388659 0.0550425
-0.350601 0.056609
0.370708 -0.0659719
0.371619 -0.0714072
-0.38687 0.0787459
-0.381506 0.0774435
-0.378043 0.077194
-0.383086 0.0775054
-0.395379 0.0794735
-0.355455 0.0694613
0.381681 -0.0773809
0.371401 -0.0815182
0.38998 -0.0933808
0.334811 -0.087081
-0.336172 0.0977838
0.386716 -0.123197
0.31838 -0.109625
-0.347085 0.136688
0.394099 -0.16129
-0.405503 0.177578
-0.338287 0.161184
-0.328795 0.164514
0.36101 -0.184813
-0.385427 0.203427
0.356408 -0.189965
-0.333311 0.187047
-0.324022 0.185206
0.303662 -0.173351
-0.319284 0.188635
-0.314983 0.187151
-0.362676 0.224192
0.354766 -0.223408
-0.319175 0.210289
0.298598 -0.204966
-0.333801 0.244669
-0.256679 0.203042
-0.331379 0.269732
-0.282512 0.24938
0.309976 -0.285939
0.258861 -0.242821
0.257291 -0.246935
-0.252508 0.246477
0.271468 -0.267228
-0.304543 0.308501
-0.223895 0.231214
0.273988 -0.286369
0.227715 -0.238659
0.262564 -0.285254
-0.232034 0.263741
0.239231 -0.280248
-0.268193 0.330891
0.2871 -0.359482
0.211927 -0.276999
0.218648 -0.287075
-0.229402 0.317278
-0.191274 0.276338
0.206115 -0.300844
0.217012 -0.325612
0.193643 -0.296436
-0.203029 0.331414
-0.172108 0.294324
0.172823 -0.302708
-0.185273 0.336316
0.196115 -0.373298
0.15762 -0.317989
0.164854 -0.349406
0.154051 -0.341322
-0.145413 0.340085
0.145838 -0.35803
0.137356 -0.339853
0.160563 -0.395496
0.133959 -0.324927
0.150324 -0.362281
0.148286 -0.352723
0.150211 -0.368588
-0.143391 0.369989
0.129006 -0.352689
-0.118997 0.383461
-0.0920075 0.321203
-0.105373 0.431108
-0.0706486 0.372705
-0.0618545 0.368548
0.0600379 -0.417626
0.0493316 -0.347099
0.0556119 -0.365214
-0.0576787 0.40112
-0.0482113 0.328129
-0.0563983 0.413665
0.0466972 -0.370317
-0.0438924 0.415445
-0.0312706 0.310685
-0.0302729 0.439985
0.0161864 -0.371935
-0.00963043 0.381793
0.00228335 -0.444014
-0.00307356 0.466841
-0.00672692 -0.40883
0.0147156 0.404416
0.0148927 0.346584
0.0260735 0.453267
0.0274696 0.370056
0.0316566 0.397703
0.0294814 0.373265
0.0346127 0.40112
-0.0385546 -0.371308
0.0393171 0.390926
0.0436579 0.37488
0.057697 0.407008
-0.0728953 -0.409942
-0.0717544 -0.354639
0.0800628 0.373209
-0.103437 -0.396777
-0.105002 -0.36391
-0.113429 -0.373847
-0.120664 -0.393866
-0.116821 -0.384248
-0.101167 -0.343123
0.112343 0.392287
0.0928024 0.323136
0.120374 0.397908
-0.116441 -0.355502
0.123739 0.365452
-0.160918 -0.424868
-0.122802 -0.304785
-0.163281 -0.383673
-0.162892 -0.355015
-0.184959 -0.369826
0.18757 0.371951
-0.197873 -0.361934
-0.195805 -0.335014
-0.215558 -0.354632
0.216439 0.360724
-0.225974 -0.360665
-0.184873 -0.297627
0.182575 0.297598
0.215354 0.340931
-0.208041 -0.309233
0.206411 0.301285
-0.242701 -0.334151
0.273638 0.372812
0.215739 0.27861
0.232314 0.29272
0.269719 0.333018
0.249706 0.305761
0.220588 0.266533
-0.249149 -0.290594
0.286474 0.340766
-0.294093 -0.33976
0.260709 0.299047
-0.257694 -0.27646
0.299943 0.311823
0.21694 0.210852
-0.269343 -0.241547
-0.266433 -0.234345
0.278586 0.23973
0.279713 0.236168
-0.278635 -0.227897
0.284965 0.23175
-0.319793 -0.251993
-0.26964 -0.210929
0.264781 0.210404
-0.291997 -0.227288
0.328976 0.254556
0.266109 0.197337
-0.291343 -0.203652
0.32869 0.219807
0.296159 0.190238
-0.322062 -0.197694
-0.338173 -0.198256
-0.360933 -0.203944
-0.299166 -0.164576
0.329868 0.177208
0.305586 0.161586
-0.318165 -0.16551
0.347724 0.173629
-0.378906 -0.180384
0.387557 0.170007
0.341334 0.135888
-0.386968 -0.143395
-0.363482 -0.126004
-0.333408 -0.107683
0.348355 0.102685
-0.401671 -0.113244
0.432179 0.113116
0.342878 0.0813697
0.372463 0.0858589
0.380457 0.0875634
0.38697 0.0877404
0.366244 0.0828406
0.380934 0.0916037
0.35716 0.0896665
-0.369996 -0.0893449
0.401086 0.0857117
0.357947 0.0678091
-0.408772 -0.0657701
-0.370931 -0.0442294
-0.348386 -0.0308537
0.365776 0.0151834
-0.423123 -0.00966051
0.447338 -0.000882015
0.334488 -0.0102727
-0.373861 0.0123278
-0.397087 0.0216748
0.39694 -0.0289049
-0.375179 0.0262185
0.394132 -0.0343613
0.332356 -0.0287737
0.420337 -0.0329728
-0.385828 0.0257069
0.379285 -0.0296966
0.372701 -0.0303531
0.412386 -0.0390765
0.338736 -0.0378629
-0.354788 0.0406664
0.386877 -0.0561094
0.343201 -0.0532875
-0.361281 0.059571
-0.373911 0.0755519
-0.380965 0.0958335
0.375369 -0.110992
-0.382648 0.12039
-0.321852 0.111953
0.319837 -0.125821
0.358055 -0.142413
-0.339228 0.133487
0.368836 -0.156112
0.308615 -0.130534
0.377719 -0.163246
-0.343059 0.148656
0.335354 -0.156387
-0.383162 0.179686
-0.271743 0.134987
0.319871 -0.170937
0.302945 -0.163977
-0.318417 0.173181
-0.326747 0.188708
-0.346301 0.206596
-0.317624 0.194295
0.343798 -0.216195
-0.365806 0.224213
-0.32025 0.196918
-0.310458 0.195552
0.33362 -0.220228
-0.371885 0.244621
-0.293471 0.202862
-0.285688 0.20499
0.290823 -0.223071
0.279146 -0.21851
-0.265659 0.210358
0.281737 -0.240631
-0.309352 0.27162
0.329685 -0.304755
0.24201 -0.234682
-0.267745 0.262279
-0.278904 0.28885
-0.255991 0.27706
-0.240007 0.269672
0.239723 -0.286584
-0.271465 0.330269
-0.204214 0.255927
0.234201 -0.307247
0.21774 -0.289292
-0.23361 0.309674
0.257056 -0.346326
0.224516 -0.303671
0.220946 -0.296287
-0.236762 0.316545
-0.20064 0.274274
0.207709 -0.291957
-0.228385 0.336253
-0.183289 0.286512
0.193483 -0.329462
0.192265 -0.341928
0.181016 -0.345886
0.176645 -0.36226
-0.174898 0.377691
-0.153545 0.358106
-0.136554 0.333305
0.144346 -0.363074
-0.151618 0.3882
0.157247 -0.404681
0.130249 -0.338612
-0.134685 0.351127
0.138068 -0.362912
-0.138838 0.378108
-0.127995 0.361381
-0.127575 0.386052
-0.104497 0.33362
0.103111 -0.346173
-0.105464 0.399836
-0.0758467 0.322522
0.0724579 -0.344347
-0.0729434 0.397281
-0.0601819 0.359926
0.0631267 -0.389065
-0.0579241 0.396318
0.0588775 -0.402675
0.0541167 -0.377246
0.059983 -0.432415
0.0491469 -0.353702
0.053524 -0.38376
-0.046206 0.356411
0.0517556 -0.397097
0.0437868 -0.350519
-0.0353188 0.348393
0.0350664 -0.367685
-0.0202192 0.396418
-0.00410238 0.351427
-0.00501444 -0.34889
0.024925 0.368504
-0.0377619 -0.418324
-0.0390932 -0.354734
-0.0514189 -0.416905
-0.0465017 -0.365338
0.0526982 0.390945
0.0505154 0.377437
0.0485603 0.375244
-0.0427551 -0.384022
-0.037 -0.385742
0.0372027 0.37999
-0.0359 -0.388385
-0.0398934 -0.38342
-0.056038 -0.407042
0.0689736 0.411521
-0.0740796 -0.390611
0.0941412 0.386492
0.0916453 0.339661
-0.100125 -0.33529
0.125969 0.362337
0.135671 0.359091
0.152732 0.377735
0.137821 0.329149
-0.154163 -0.356209
-0.141497 -0.325175
0.153588 0.347391
0.149415 0.343968
-0.153713 -0.356864
-0.160854 -0.365962
-0.143745 -0.323185
0.1724 0.361979
0.148736 0.303852
-0.172003 -0.33831
0.211718 0.394871
0.166348 0.296365
0.182954 0.321783
-0.18544 -0.309513
0.217086 0.347846
-0.232361 -0.363977
0.242859 0.359725
0.209798 0.293598
-0.234201 -0.307862
-0.251303 -0.306485
-0.24572 -0.279777
-0.24634 -0.269633
-0.291462 -0.31617
-0.243138 -0.269452
-0.238068 -0.263194
0.23955 0.26884
-0.265596 -0.304299
0.27894 0.317361
-0.280322 -0.314553
-0.236076 -0.257067
0.254817 0.265988
0.285639 0.28267
0.284351 0.259637
0.275141 0.239208
-0.307701 -0.254962
-0.2694 -0.211573
0.3113 0.236039
0.288863 0.211872
-0.311957 -0.223496
0.341088 0.240508
0.303778 0.209837
0.330092 0.221814
0.302767 0.199331
0.347689 0.225885
0.3249 0.209216
0.296401 0.18744
-0.307145 -0.188006
0.361582 0.210678
0.31359 0.172106
0.330676 0.169779
0.381644 0.170995
-0.3641 -0.148405
0.335795 0.130603
-0.349222 -0.121289
0.409922 0.137771
-0.429088 -0.138434
0.391775 0.126066
-0.377654 -0.111085
-0.3333 -0.0922759
0.323973 0.0841916
-0.345079 -0.0813373
0.384227 0.0911892
0.344382 0.0808349
-0.34806 -0.0830695
0.367557 0.0922399
0.367947 0.0937224
0.392047 0.0971148
-0.41606 -0.0977389
-0.340523 -0.0726795
0.375668 0.0768858
0.373762 0.0650089
-0.381417 -0.0528095
0.394454 0.0425085
0.370721 0.0296957
0.424153 0.0287375
0.35129 0.0227881
0.373556 0.0248752
-0.349121 -0.015551
0.387646 0.0151051
0.360088 0.0100222
0.419806 0.00886104
0.370438 0.00400711
-0.402242 0.00256668
0.410693 -0.00348455
-0.404868 0.010318
-0.383491 0.0174658
-0.394365 0.0311253
0.429724 -0.0368912
0.338209 -0.0305589
-0.383657 0.0383059
-0.391454 0.0469068
-0.386393 0.0537799
-0.358981 0.0572904
0.381896 -0.0687629
0.35762 -0.0640634
0.386843 -0.0703059
-0.394621 0.0755593
-0.343733 0.0719551
0.347288 -0.0809247
0.37033 -0.0950366
-0.370403 0.105991
-0.353694 0.116023
-0.409684 0.156749
0.390568 -0.156301
-0.350561 0.146224
0.352027 -0.161494
-0.417135 0.196806
0.441852 -0.213716
0.317859 -0.159115
0.325308 -0.164669
-0.359761 0.183287
0.390739 -0.205172
-0.366082 0.195256
0.332788 -0.188479
0.334721 -0.196756
-0.311874 0.186699
0.296451 -0.186019
-0.326023 0.204911
0.365263 -0.240661
-0.393066 0.261173
-0.290537 0.203701
-0.324231 0.235074
-0.311546 0.231955
-0.331937 0.256305
-0.30444 0.243377
-0.288427 0.231787
0.299517 -0.250863
0.273664 -0.227949
-0.284674 0.233816
0.303382 -0.260618
0.273537 -0.241539
-0.29233 0.257528
-0.29538 0.273332
-0.268289 0.261199
0.286528 -0.293903
0.242763 -0.253414
-0.266346 0.282972
-0.242585 0.270214
0.245753 -0.293846
0.237276 -0.286851
-0.248351 0.297018
-0.240913 0.293686
-0.265231 0.337074
-0.228258 0.299089
-0.221883 0.295373
0.238082 -0.332388
0.195338 -0.271237
0.24414 -0.341546
-0.217175 0.302658
0.210606 -0.314473
-0.235098 0.358913
0.247698 -0.401597
0.166492 -0.294264
-0.187186 0.33361
-0.18099 0.354824
0.177266 -0.371809
-0.166848 0.365158
-0.149625 0.351344
-0.156282 0.386604
0.156314 -0.39768
-0.152033 0.381475
-0.141297 0.357226
-0.143929 0.381542
0.149269 -0.411915
0.125099 -0.349048
0.134627 -0.379914
0.119131 -0.339039
0.130726 -0.379121
-0.123302 0.368058
-0.116637 0.355846
-0.122544 0.393735
0.119129 -0.404406
-0.106524 0.371455
0.0979123 -0.378916
0.0857912 -0.352663
0.0869594 -0.405053
-0.0765169 0.40783
-0.0548312 0.349744
0.0466162 -0.367468
-0.0408863 0.388787
-0.0335574 0.345346
0.0267132 -0.343435
-0.0228897 0.368742
-0.0200879 0.360818
0.0141725 -0.353816
-0.00946453 0.34698
0.00414391 -0.369091
0.00491766 0.422722
0.00926769 0.312519
-0.0192629 -0.367925
0.0308501 0.418828
-0.0344977 -0.416117
0.0385092 0.392989
0.0411763 0.358617
0.0596609 0.423528
-0.0627348 -0.428856
0.061962 0.401408
0.0598238 0.363838
0.0766676 0.408935
-0.0773668 -0.416867
0.0761275 0.369642
-0.0874095 -0.366313
0.115167 0.428277
0.0801145 0.277799
-0.107726 -0.351289
-0.115067 -0.343799
0.138624 0.376749
-0.152452 -0.408136
-0.142596 -0.350632
-0.144831 -0.339677
0.168336 0.377333
-0.176017 -0.401643
0.168191 0.376272
0.155173 0.352328
0.152066 0.348425
-0.166625 -0.390631
-0.141417 -0.32709
-0.157456 -0.358442
-0.149454 -0.33398
0.153556 0.328853
-0.170287 -0.364176
-0.152588 -0.310055
0.171504 0.314535
-0.202368 -0.347638
-0.194938 -0.299693
0.231426 0.319076
0.207338 0.276709
-0.23178 -0.306151
-0.217008 -0.274971
0.222573 0.266557
-0.238653 -0.291138
0.2753 0.322852
0.213541 0.250845
-0.240051 -0.28666
0.28288 0.319467
0.241636 0.264033
0.258321 0.272281
-0.27197 -0.280321
-0.264299 -0.256052
-0.292479 -0.275132
0.293247 0.261108
-0.281618 -0.254723
-0.300347 -0.259752
0.285035 0.236222
-0.269452 -0.224174
0.317139 0.242488
-0.384741 -0.294331
-0.247392 -0.18567
-0.307313 -0.228585
0.309889 0.220284
-0.357886 -0.26155
0.37603 0.265234
-0.329949 -0.233853
0.30928 0.206873
-0.353649 -0.238192
-0.265793 -0.171232
-0.368396 -0.228507
-0.354068 -0.209297
-0.307872 -0.177613
-0.329968 -0.182845
0.318588 0.167156
-0.369662 -0.190242
-0.290449 -0.145262
-0.388663 -0.179607
0.349998 0.151774
-0.339391 -0.14103
0.381311 0.145445
-0.427283 -0.158437
-0.306804 -0.100958
0.342833 0.106822
-0.372649 -0.112595
-0.355877 -0.0983072
0.374105 0.0945036
0.378893 0.0943615
0.392524 0.0970353
-0.395766 -0.100337
0.39986 0.102155
0.385044 0.106259
0.371122 0.110011
-0.407801 -0.117551
-0.327139 -0.0887861
0.3914 0.0926213
0.360203 0.0777999
0.387462 0.069692
-0.388468 -0.0558685
-0.372262 -0.038528
-0.425772 -0.0235133
-0.366549 -0.00969169
-0.374621 -0.00391383
0.401742 -0.000801466
0.362084 0.00199278
0.405936 0.00227854
-0.381866 -0.000384983
0.41255 -0.0040012
0.338581 -0.00191942
-0.360038 0.0137014
-0.371774 0.0207463
0.396134 -0.0297538
0.372355 -0.0338107
0.400758 -0.0448038
-0.394955 0.0584006
-0.38831 0.0681956
-0.374298 0.0731048
0.415263 -0.0858569
0.34085 -0.0763192
-0.381839 0.0924991
-0.363994 0.0938698
-0.389214 0.102518
-0.382919 0.102353
-0.360799 0.0959402
0.392505 -0.101905
0.345172 -0.0893559
-0.354832 0.0965617
0.375146 -0.100163
0.374185 -0.107981
-0.361755 0.112983
0.350638 -0.11602
-0.3774 0.148668
-0.312064 0.130459
-0.385048 0.174484
0.352528 -0.167489
-0.359848 0.187461
-0.297483 0.161144
0.316351 -0.174756
0.328373 -0.180273
-0.340525 0.189724
-0.327813 0.180393
-0.343821 0.187796
0.355942 -0.190925
0.314766 -0.167957
-0.326249 0.182224
-0.327549 0.186513
0.32064 -0.184817
-0.338407 0.21166
-0.286414 0.192051
0.300047 -0.21596
0.293291 -0.22141
-0.295549 0.241044
-0.296275 0.251935
-0.298812 0.260866
-0.282074 0.253911
-0.289586 0.261692
-0.284881 0.259177
0.296445 -0.270575
0.278719 -0.260406
0.261062 -0.253728
-0.279775 0.287333
-0.237675 0.248158
0.256891 -0.273814
0.258835 -0.28715
0.248572 -0.285381
0.244678 -0.29471
0.250127 -0.307895
0.232906 -0.291742
-0.257409 0.330788
-0.216037 0.279958
-0.223437 0.294477
0.226052 -0.315184
0.196786 -0.288762
0.216815 -0.334991
-0.197113 0.323824
0.190095 -0.33372
0.165965 -0.310755
-0.161231 0.328386
-0.16085 0.334667
0.155349 -0.338021
0.153007 -0.349359
-0.14769 0.355525
0.138206 -0.338035
-0.131798 0.330247
0.141377 -0.362429
0.114161 -0.300334
-0.110481 0.30857
0.12072 -0.355527
-0.134537 0.419632
-0.0964776 0.318647
-0.107971 0.367223
0.10121 -0.366859
0.0943899 -0.355624
0.099604 -0.381527
-0.101087 0.397828
-0.0980746 0.386383
-0.0872617 0.337991
-0.090234 0.362152
0.0764389 -0.331001
-0.0746846 0.374262
0.0734893 -0.435143
-0.0670277 0.46398
-0.0272064 0.360951
-0.0189039 0.368266
0.00409582 -0.402016
-0.00399831 0.432826
-0.00627096 -0.421693
-0.0116526 -0.34869
0.0100742 0.36314
0.0069743 0.391171
-0.00693827 -0.371717
0.0100938 0.38956
0.00868762 0.364652
0.0148635 0.42229
0.0134515 0.356589
-0.0186075 -0.389418
-0.0194818 -0.362753
0.0193342 0.378633
-0.0286137 -0.395914
-0.0335886 -0.368901
