-0.399607 0.00438868
-0.398403 0.0058026
-0.356336 0.00535707
-0.425565 0.00885655
-0.394217 0.00539088
-0.394951 0.00115784
0.425188 0.00393467
-0.458085 -0.0129371
0.410942 0.0134511
-0.368742 -0.0105324
0.38015 0.00621107
-0.433275 -0.00531764
-0.33034 0.00275925
0.367869 -0.00517215
0.348646 -0.00515184
-0.35217 0.00628489
-0.381787 0.00823456
0.364955 -0.00804096
-0.398491 0.00634143
-0.350878 0.00383176
-0.410872 -0.00413288
0.361916 0.00771737
-0.356046 -0.0132278
-0.388471 -0.0149029
0.349831 0.00945771
-0.354226 -0.00714438
0.37537 -0.00188442
0.360923 -0.00393321
-0.353517 0.00669758
0.359647 -0.00890084
0.39694 -0.00660865
-0.384858 0.000409976
-0.389735 -0.00162458
-0.382469 -0.00361237
0.412814 0.00396563
0.316348 0.00880302
0.409439 0.0150127
-0.360052 -0.0119773
0.37818 0.00354636
-0.409696 -0.00466502
-0.355204 0.00304522
-0.394139 0.00741869
-0.347001 0.00722393
0.318122 -0.0144386
0.392651 -0.0146425
-0.360409 0.0113846
0.393331 -0.0165055
-0.425939 0.012423
0.405633 -0.00835965
0.382066 -0.00352509
0.381283 0.00142342
-0.392642 -0.00442347
-0.350524 -0.00561208
0.357128 0.00506066
0.399057 0.0058611
0.356514 0.00329483
0.384644 0.00507577
-0.353535 -0.00316601
0.377709 0.00024599
0.352936 0.00161351
0.405338 0.00297733
0.381431 0.000938911
0.381267 0.00230527
0.379074 0.00500166
0.389754 0.0104822
0.384254 0.0147017
0.383725 0.0216818
0.382826 0.0245596
0.385145 0.0287502
0.385109 0.0305423
0.383128 0.0320434
0.383597 0.0334865
0.385312 0.0351954
0.386054 0.0343763
0.378382 0.0345119
0.39252 0.0355882
0.37904 0.0341296
0.375412 0.0343727
-0.352384 -0.0292823
-0.387297 -0.0240197
0.371158 0.0180701
0.391744 0.0114639
0.377203 0.00540452
-0.369733 -0.00290705
-0.375934 0.000836775
0.36479 0.00111645
0.405308 0.00762476
0.366117 0.0124055
-0.37229 -0.0174956
-0.381759 -0.0215476
0.411901 0.027818
-0.42704 -0.036911
0.39044 0.0351368
-0.36218 -0.0290294
0.39688 0.0239808
0.321377 0.0214599
-0.330163 -0.0136739
-0.388938 -0.0116422
0.379954 0.000761986
-0.404992 -0.00286527
-0.3658 0.0032984
-0.394918 0.000514507
-0.374099 -0.0036065
-0.419061 -0.0140506
0.399308 0.0211516
0.391974 0.0379141
0.36115 0.0477909
-0.364297 -0.0536743
-0.366474 -0.0540655
0.364597 0.0465848
-0.399599 -0.0471472
-0.350811 -0.0384023
-0.409806 -0.0383222
-0.383084 -0.0274687
-0.4093 -0.0233456
0.412218 0.0218697
-0.405928 -0.0281301
-0.39308 -0.0265945
-0.37456 -0.0250078
0.384801 0.0260414
0.361454 0.0290526
-0.373954 -0.0370497
-0.359507 -0.0379612
-0.418553 -0.0461911
0.388644 0.0458721
0.385754 0.056664
0.393731 0.0702001
-0.397769 -0.0784252
-0.357463 -0.0718034
-0.376509 -0.0724197
0.34692 0.0626467
0.393618 0.0664298
-0.354956 -0.0573237
0.370145 0.0522287
0.361875 0.0496133
0.436005 0.053198
0.370059 0.0402462
0.386927 0.0414866
-0.372901 -0.0358011
0.398035 0.039181
0.370215 0.0390298
-0.36092 -0.0407772
-0.409258 -0.0496513
-0.359586 -0.0482416
-0.392159 -0.0588284
0.364229 0.0611047
-0.386163 -0.0725836
-0.345524 -0.0683562
-0.411857 -0.0790676
-0.38552 -0.0722596
-0.381083 -0.0720893
0.387038 0.0762594
0.363485 0.0774065
0.378631 0.0848165
0.413039 0.0928665
0.353724 0.0815945
0.390682 0.0879255
-0.350671 -0.0740228
0.360255 0.0714443
-0.385858 -0.070782
-0.350392 -0.0578626
0.373058 0.0614108
0.342547 0.0597791
0.436566 0.0784039
-0.387942 -0.0700163
0.356046 0.0672439
-0.346718 -0.0659176
0.382133 0.074131
0.345859 0.0715321
-0.353338 -0.073202
0.402961 0.0860931
-0.417567 -0.0893063
-0.356811 -0.0759879
-0.380546 -0.0810581
0.392778 0.0820456
0.332333 0.0720207
0.409091 0.0919608
-0.356277 -0.0785743
0.3571 0.0789173
0.362864 0.08076
-0.341203 -0.0725907
-0.379108 -0.0827458
-0.404679 -0.088308
-0.352038 -0.0803145
-0.38376 -0.0927436
0.360837 0.0945918
0.364802 0.10149
0.390914 0.11255
-0.375415 -0.10917
-0.372199 -0.110071
-0.356915 -0.108315
-0.373334 -0.112966
0.352908 0.105059
0.371502 0.108478
0.384185 0.108606
0.353723 0.0978006
0.381718 0.106093
-0.35202 -0.0952155
-0.388959 -0.10159
-0.360831 -0.0931212
-0.36218 -0.0914358
0.346491 0.0879698
-0.376859 -0.0935473
-0.333359 -0.0841723
0.335426 0.0858983
0.366194 0.0933257
-0.348003 -0.0846359
0.359986 0.0883137
0.361755 0.0852531
-0.348911 -0.082937
-0.384881 -0.0957339
-0.352377 -0.091076
0.349653 0.0936228
0.363859 0.100324
-0.361832 -0.103784
0.377385 0.115458
-0.371182 -0.109961
0.343818 0.10094
0.397794 0.112753
-0.373225 -0.104592
0.343991 0.0980555
-0.352882 -0.0940204
-0.324935 -0.0880114
-0.433294 -0.117582
0.383691 0.10584
-0.34804 -0.0951688
0.360877 0.0975618
0.325667 0.0901266
-0.320301 -0.0900237
-0.363518 -0.11034
0.343541 0.108461
0.362081 0.115624
0.369982 0.117802
0.354315 0.110028
-0.333708 -0.100797
-0.381944 -0.112461
0.362185 0.106606
0.374706 0.103274
0.3629 0.0965491
-0.358206 -0.0953425
0.365078 0.10074
0.360848 0.100832
-0.357407 -0.102295
0.361559 0.109785
-0.360335 -0.109949
-0.360457 -0.113786
0.353401 0.113363
0.364504 0.116551
0.362512 0.118001
0.367005 0.122939
0.35885 0.128456
-0.349159 -0.134972
-0.336955 -0.143248
0.334351 0.149879
0.339163 0.151601
0.369629 0.157302
0.349004 0.143123
-0.335659 -0.133469
-0.3868 -0.147102
0.38274 0.144633
-0.35833 -0.130511
0.339679 0.114319
-0.369168 -0.114665
-0.323934 -0.104867
0.324179 0.102877
0.374521 0.124209
0.359713 0.120657
0.378348 0.130682
-0.348687 -0.128555
0.346552 0.132533
0.336057 0.132224
-0.316001 -0.121517
-0.373994 -0.147546
-0.355305 -0.140218
-0.404908 -0.154214
0.404197 0.154358
-0.368759 -0.141615
0.346253 0.124166
-0.394989 -0.133983
-0.295396 -0.10095
-0.413015 -0.144433
0.350931 0.120543
-0.357222 -0.123309
-0.342649 -0.124844
-0.393211 -0.155191
-0.351216 -0.145643
0.339652 0.14638
0.364415 0.160376
-0.347497 -0.154695
0.338987 0.14955
0.367546 0.158635
-0.352554 -0.148526
-0.366087 -0.158614
-0.352744 -0.156214
0.362347 0.156346
0.330559 0.142321
-0.336547 -0.143035
-0.356225 -0.157888
0.358225 0.160224
-0.370491 -0.16835
-0.34057 -0.155227
0.332357 0.151088
0.395835 0.171591
-0.394522 -0.170559
0.363511 0.157316
-0.35132 -0.148838
-0.316004 -0.13911
-0.433719 -0.190602
0.387282 0.172613
-0.33438 -0.148827
0.327988 0.146015
-0.364469 -0.164524
-0.316735 -0.147234
0.327342 0.160383
-0.363384 -0.183704
-0.314582 -0.164873
-0.358845 -0.191599
0.321637 0.170092
-0.320908 -0.165325
-0.350934 -0.181044
0.324894 0.163212
-0.319237 -0.155169
0.322432 0.15152
0.357619 0.164489
-0.32971 -0.152239
0.334862 0.159436
0.333003 0.163119
0.379843 0.186591
-0.349457 -0.173065
0.334599 0.169244
0.3408 0.177106
-0.316167 -0.16209
0.325149 0.167531
0.346565 0.179281
-0.344047 -0.177623
-0.325819 -0.169968
-0.347204 -0.184695
0.313922 0.174302
-0.32009 -0.17783
-0.325136 -0.185214
0.30185 0.175137
-0.322922 -0.180928
-0.321519 -0.178939
0.306551 0.169127
0.344418 0.189014
-0.327673 -0.175441
-0.349687 -0.187038
-0.335693 -0.181936
-0.340305 -0.188511
-0.341711 -0.197065
-0.326551 -0.195725
0.312201 0.194419
0.325836 0.21042
0.322858 0.214644
0.304834 0.207092
-0.299432 -0.196802
0.31668 0.204851
0.327144 0.204995
-0.351531 -0.205205
0.361591 0.205033
-0.342593 -0.187477
-0.337944 -0.174477
-0.374694 -0.19076
0.387346 0.202456
-0.367691 -0.198657
0.309479 0.172946
-0.295835 -0.167814
-0.326692 -0.189036
0.285701 0.171771
-0.317011 -0.193325
-0.279958 -0.175247
-0.382771 -0.244649
0.331822 0.217537
-0.301348 -0.20098
0.305562 0.2069
-0.345194 -0.229991
-0.285852 -0.182921
-0.327245 -0.206089
-0.356043 -0.218491
0.338912 0.209967
0.311415 0.203767
0.310619 0.207617
-0.308391 -0.210386
0.324122 0.223277
-0.333147 -0.225345
-0.315843 -0.209745
0.342707 0.22767
0.278017 0.190995
0.316429 0.213862
-0.302251 -0.195075
0.341341 0.214427
-0.372018 -0.229605
0.352815 0.218335
0.324735 0.197598
0.315762 0.194072
-0.324989 -0.198879
-0.30558 -0.187005
0.301431 0.190699
0.32638 0.213135
0.304952 0.206773
-0.300867 -0.20738
-0.309275 -0.215152
0.306375 0.213602
-0.320654 -0.223474
0.319892 0.217231
0.322192 0.214798
0.300808 0.200935
0.325139 0.216345
-0.296623 -0.198317
0.304064 0.200127
0.297778 0.201689
0.347848 0.236713
0.302101 0.208436
0.320626 0.22788
0.282452 0.20854
0.34499 0.25607
-0.306308 -0.229368
0.290412 0.212382
-0.323568 -0.226548
-0.27195 -0.186983
-0.35249 -0.230194
-0.327817 -0.198638
-0.347598 -0.209886
0.348898 0.216332
0.306034 0.201284
0.31233 0.220192
-0.33102 -0.245909
-0.257117 -0.198449
-0.32147 -0.249833
0.292169 0.224372
-0.339188 -0.261861
-0.237358 -0.185548
-0.334731 -0.260304
0.297513 0.220509
-0.339719 -0.255119
0.375173 0.281803
-0.338088 -0.263223
0.293664 0.220725
-0.311262 -0.234205
-0.266404 -0.200297
-0.345955 -0.263498
-0.304992 -0.230295
-0.329831 -0.250016
-0.276159 -0.214283
-0.322118 -0.256261
0.282415 0.223299
-0.294945 -0.244493
-0.277218 -0.229784
-0.319952 -0.262098
0.291795 0.225405
0.316189 0.24481
-0.297075 -0.238608
0.299412 0.234277
0.30925 0.247019
0.292725 0.242145
0.30489 0.260285
0.30696 0.268163
0.291971 0.258833
-0.311592 -0.282919
-0.240915 -0.22416
-0.300893 -0.278555
0.277081 0.245348
-0.306069 -0.262288
0.33976 0.276559
0.28524 0.217503
0.321239 0.247126
0.285612 0.219616
0.354457 0.275156
-0.309089 -0.251664
0.297212 0.241127
0.281088 0.236613
0.339029 0.287853
-0.299545 -0.262632
0.294022 0.251848
0.266686 0.234283
-0.238522 -0.206361
-0.316172 -0.272673
0.286802 0.242948
-0.296257 -0.256827
0.327887 0.280851
-0.318977 -0.277442
-0.301307 -0.257845
-0.272024 -0.234995
-0.304561 -0.269925
-0.300539 -0.278587
-0.284307 -0.270135
0.315518 0.300432
-0.324753 -0.3233
0.296297 0.293268
-0.260606 -0.258802
0.278271 0.265695
-0.310499 -0.297676
-0.243261 -0.2238
0.275054 0.249137
0.263669 0.24321
-0.256883 -0.237379
-0.28449 -0.258344
0.269142 0.244527
-0.262924 -0.245161
0.276159 0.255174
0.272658 0.256377
-0.254037 -0.243849
0.268755 0.258791
-0.274295 -0.268607
-0.261929 -0.259656
0.255118 0.258169
-0.255568 -0.266201
-0.255092 -0.272455
0.246249 0.266965
0.258521 0.287796
0.274313 0.306087
0.239699 0.271449
-0.237028 -0.269519
-0.250561 -0.285695
0.25846 0.29253
-0.270779 -0.301916
0.267746 0.293619
-0.248012 -0.26183
-0.281395 -0.290582
0.269714 0.275237
0.277705 0.28307
0.265504 0.270745
-0.274801 -0.280785
0.293311 0.304223
-0.278467 -0.288442
-0.263422 -0.275432
-0.257664 -0.273511
-0.25496 -0.2714
-0.272319 -0.292741
-0.259571 -0.282431
-0.247095 -0.272439
-0.260044 -0.299422
0.241414 0.285778
-0.233555 -0.276286
-0.262194 -0.307554
0.255178 0.29925
0.254967 0.288046
0.25148 0.27837
-0.269185 -0.286263
0.283287 0.305051
-0.268812 -0.284827
-0.248951 -0.264458
0.220286 0.244881
0.291525 0.319057
-0.260913 -0.281824
0.243315 0.270494
-0.269406 -0.292554
-0.208779 -0.231256
-0.279161 -0.316881
0.231604 0.272573
-0.234812 -0.267676
-0.240978 -0.280132
-0.259046 -0.306751
-0.24073 -0.282078
0.229016 0.271677
-0.24258 -0.271111
-0.248932 -0.273395
0.248446 0.266698
0.246115 0.259128
0.287498 0.293374
-0.261721 -0.260287
0.259236 0.261866
0.24265 0.247344
-0.225 -0.229391
-0.267185 -0.292348
0.237599 0.281123
-0.260757 -0.310884
-0.203036 -0.252123
-0.255677 -0.325658
0.22028 0.286855
-0.23579 -0.293987
0.256207 0.323473
0.21346 0.258195
-0.239127 -0.277257
-0.23435 -0.277107
0.230236 0.282665
0.23965 0.287299
0.242142 0.291313
0.266354 0.32092
-0.259343 -0.31145
0.239564 0.30454
0.233232 0.301571
0.250078 0.323833
-0.259941 -0.332004
0.249895 0.331056
0.236008 0.309484
0.212683 0.277417
-0.217925 -0.279134
-0.224618 -0.295029
0.210881 0.29029
-0.232253 -0.317133
0.233219 0.330737
-0.228497 -0.324814
-0.212731 -0.310919
0.193814 0.294562
0.232327 0.343801
0.211273 0.30443
0.223046 0.312521
-0.227932 -0.306433
0.238079 0.321303
0.22163 0.288614
-0.226413 -0.288368
-0.249589 -0.319423
0.243253 0.321898
-0.239657 -0.321094
-0.232288 -0.319645
-0.217046 -0.308913
0.213793 0.310573
0.20608 0.301286
-0.203507 -0.302773
0.20871 0.31659
0.203946 0.312044
-0.205979 -0.310737
-0.222199 -0.334875
-0.201316 -0.305296
-0.239208 -0.344891
0.224394 0.313468
0.23472 0.308952
0.249845 0.313172
-0.256347 -0.319482
0.245541 0.311259
-0.225005 -0.294126
-0.241912 -0.330252
0.219338 0.309956
-0.206302 -0.305955
0.201134 0.305911
0.214369 0.330893
0.214158 0.336127
0.197511 0.310453
-0.195189 -0.304428
0.212686 0.32077
0.202661 0.30465
-0.200666 -0.299444
0.206838 0.300368
0.239433 0.33691
-0.232086 -0.327955
0.219594 0.307004
-0.218594 -0.304465
-0.211197 -0.299363
-0.256833 -0.369267
-0.203489 -0.295217
-0.214297 -0.323064
0.193442 0.290436
-0.202273 -0.313091
-0.202605 -0.323693
0.18648 0.305214
-0.182366 -0.310361
0.185109 0.31209
0.194881 0.325978
-0.185901 -0.311447
0.197884 0.322132
-0.209395 -0.341566
-0.199195 -0.319361
-0.205855 -0.336881
-0.204058 -0.339531
0.199928 0.326032
0.19886 0.329536
0.191557 0.32441
-0.172209 -0.302195
-0.197795 -0.357356
0.178393 0.321907
-0.179935 -0.329048
-0.16964 -0.312481
-0.219041 -0.390869
0.200541 0.350722
-0.179545 -0.317474
0.183755 0.311782
0.188806 0.321846
-0.17199 -0.303115
0.179952 0.31656
0.18806 0.339295
0.191164 0.353026
0.174625 0.332211
-0.166233 -0.331143
-0.160525 -0.333988
0.156056 0.320171
0.172562 0.353729
-0.158878 -0.331954
-0.174497 -0.358689
-0.164348 -0.34364
0.172472 0.342258
0.176991 0.341555
-0.193595 -0.360434
0.209501 0.371028
0.18469 0.313051
0.193313 0.33286
-0.196215 -0.342413
0.210842 0.372997
-0.193983 -0.35635
0.17566 0.32702
0.181111 0.343302
-0.162094 -0.310014
-0.190263 -0.362899
-0.180251 -0.339489
-0.159931 -0.306632
-0.191147 -0.377989
-0.163551 -0.334707
-0.165793 -0.343391
0.170014 0.352776
-0.178 -0.375393
0.168713 0.354974
-0.160242 -0.328808
-0.164779 -0.332218
0.156451 0.303056
0.184541 0.35924
0.17818 0.335608
0.180395 0.337203
-0.176663 -0.332258
-0.173959 -0.323216
0.169204 0.320936
0.182162 0.352953
-0.172852 -0.344942
0.166231 0.341586
0.162445 0.344149
0.167854 0.36306
0.144578 0.322926
0.15963 0.372755
0.146497 0.352152
0.143095 0.355067
-0.143678 -0.352196
0.148295 0.365624
0.1511 0.364746
0.126039 0.303969
0.177516 0.392477
-0.157074 -0.331457
0.159513 0.325302
-0.192699 -0.362657
0.210671 0.403743
-0.195488 -0.371753
0.165555 0.318282
-0.167456 -0.307749
-0.171569 -0.320674
0.14943 0.300963
-0.149274 -0.314159
0.141204 0.327672
0.143868 0.356071
-0.128625 -0.330356
0.127638 0.338979
0.124114 0.342827
0.144213 0.390584
-0.139479 -0.360084
-0.141458 -0.345415
0.133317 0.319959
0.161371 0.375795
-0.153003 -0.34333
0.152707 0.338374
0.144885 0.330197
0.167047 0.401098
0.130371 0.331516
0.131345 0.356774
-0.121271 -0.335223
0.126386 0.364383
0.113958 0.34703
0.113519 0.368652
0.124687 0.404802
-0.121863 -0.392285
0.112354 0.36805
-0.115839 -0.350968
-0.122448 -0.355201
-0.149658 -0.392339
0.148252 0.369727
0.149096 0.344274
-0.148193 -0.336645
-0.16962 -0.370651
-0.161351 -0.351012
-0.155057 -0.351856
0.147607 0.357605
0.125529 0.338683
0.12352 0.372296
-0.111412 -0.358451
-0.102623 -0.347407
0.0993991 0.326684
0.109706 0.373284
-0.11526 -0.366338
-0.100229 -0.318149
-0.154655 -0.43673
0.134217 0.372112
-0.132424 -0.351587
0.156089 0.392343
-0.169823 -0.436568
0.157217 0.404289
0.138975 0.354295
0.148064 0.388807
-0.152875 -0.421328
0.142439 0.405763
-0.113057 -0.342906
0.10284 0.312345
0.122954 0.382299
-0.104786 -0.336701
0.113494 0.346653
-0.129052 -0.3922
0.140332 0.412934
-0.131997 -0.397111
-0.125487 -0.365586
-0.128588 -0.378265
-0.116385 -0.349667
-0.131313 -0.401085
-0.119902 -0.374789
-0.108412 -0.360437
0.10187 0.351223
0.097837 0.368349
-0.0869754 -0.354081
0.0927691 0.355858
0.0988533 0.374905
-0.0952647 -0.358644
-0.105484 -0.382016
-0.10933 -0.37616
0.115427 0.370333
0.110488 0.355431
-0.106766 -0.35719
-0.107378 -0.358479
0.109568 0.346964
0.113765 0.366259
-0.108468 -0.358664
-0.10669 -0.352759
-0.124419 -0.402538
-0.109177 -0.370783
-0.102795 -0.377978
0.104179 0.408555
0.0702493 0.315546
0.0838502 0.406411
-0.0683292 -0.362006
0.0805032 0.393426
-0.0818005 -0.423318
0.0861636 0.40663
0.0864388 0.365313
-0.0762432 -0.332591
-0.106191 -0.42234
0.0984308 0.382639
-0.0917776 -0.364134
-0.0834706 -0.344552
-0.105661 -0.435919
0.09478 0.389815
-0.079359 -0.363883
-0.0702328 -0.359854
-0.0815917 -0.426685
0.0783553 0.395113
0.0763562 0.377013
0.0839836 0.407047
0.0697019 0.344623
0.0730461 0.395385
-0.0649147 -0.369229
-0.0528728 -0.337493
-0.0756995 -0.442846
0.0718256 0.398956
-0.0665851 -0.355376
0.0777951 0.373558
0.0717252 0.340447
0.0876266 0.408492
-0.0770543 -0.359214
-0.0799901 -0.375421
0.074231 0.348175
-0.0692101 -0.345175
-0.0668179 -0.364006
0.0589883 0.331447
-0.0557844 -0.334036
-0.0585916 -0.384591
0.0543863 0.358141
-0.0499461 -0.353552
0.0562114 0.373787
-0.0623575 -0.386369
-0.065734 -0.370154
0.080835 0.405714
-0.0864895 -0.405654
0.0798622 0.368098
-0.0823195 -0.357413
-0.0726818 -0.321008
-0.0976386 -0.445452
0.079051 0.396076
-0.0684916 -0.367616
-0.0548687 -0.331028
-0.0656438 -0.452328
0.0479266 0.402654
-0.0422338 -0.356502
0.045029 0.383366
-0.0506051 -0.422298
-0.0417195 -0.328431
0.0428588 0.353165
0.057294 0.40542
-0.0585873 -0.406987
0.0506548 0.389362
0.054692 0.376671
0.0736112 0.415924
-0.0799353 -0.42489
0.0685947 0.4009
-0.0692272 -0.355728
-0.0691368 -0.36612
-0.0717762 -0.407674
0.0635104 0.39517
0.0619067 0.377711
0.059193 0.364569
0.0583463 0.378408
-0.0559702 -0.348434
0.0517607 0.361801
0.0537155 0.377923
-0.0562206 -0.358134
0.0506152 0.366171
0.0526128 0.381523
-0.0554158 -0.371292
-0.0453134 -0.361441
0.0393111 0.360496
0.0441128 0.374085
-0.048801 -0.359428
0.043397 0.377273
-0.045661 -0.383536
-0.0418465 -0.378534
0.0348831 0.38987
-0.0395901 -0.395542
-0.0358827 -0.373983
-0.0345099 -0.382272
0.031034 0.387638
0.0285422 0.341363
0.0368327 0.415298
-0.0351895 -0.356189
0.0241977 0.324928
0.0344405 0.409791
-0.03205 -0.351972
0.0312316 0.362306
-0.0484721 -0.425346
0.0461928 0.455406
0.0409064 0.345469
0.0450002 0.394073
-0.0540671 -0.424403
0.0480841 0.467231
-0.0423435 -0.427506
0.0288187 0.368108
-0.0319354 -0.377655
0.0283854 0.432495
0.0250795 0.328561
0.0299463 0.389461
0.0351095 0.429472
0.0290883 0.367237
0.0308924 0.374606
-0.0309012 -0.370796
0.0271933 0.427272
0.0173769 0.315364
0.0240144 0.425469
-0.0233795 -0.370895
0.0180886 0.383587
-0.0219601 -0.414949
0.0190176 0.410961
0.0245838 0.373438
-0.0278643 -0.362213
0.0255726 0.357937
0.0262302 0.391191
-0.0293141 -0.380382
-0.0220801 -0.365188
-0.0215332 -0.433537
0.0152003 0.391486
-0.01932 -0.375401
-0.0168644 -0.394085
-0.0143811 -0.416724
0.0105352 0.400044
0.00876555 0.382773
-0.0100613 -0.403617
-0.00567265 -0.373952
-0.00152044 -0.393686
-0.000239536 0.373838
-0.00200695 0.36565
0.00560513 0.427032
0.0124675 0.375803
0.0153673 0.390874
-0.0210479 -0.404132
-0.0156444 -0.350939
-0.0157629 -0.412123
0.0142057 0.367533
-0.0178975 -0.392343
-0.0136793 -0.355157
0.014519 0.348281
0.0125486 0.390022
-0.0114201 -0.39708
-0.00876923 -0.362166
-0.00479497 -0.4091
0.00449997 0.371316
-0.000542834 0.385728
-0.00562911 0.404882
0.00991946 -0.396857
0.0161891 -0.384569
-0.0209867 0.384105
-0.0244045 0.376938
-0.023606 0.393166
-0.0232103 0.392173
-0.0202331 0.38319
0.0185138 -0.371641
0.0204959 -0.385968
-0.0199525 0.355341
0.0181069 -0.34033
0.0125983 -0.417744
-0.00422545 0.368878
0.00293 -0.367805
0.000472933 0.406615
-0.00318371 0.326785
-0.013533 0.417488
0.022306 -0.367281
-0.0289274 0.382617
-0.0338623 0.344173
0.0404046 -0.343713
0.0478055 -0.385444
-0.0422152 0.3793
-0.0370984 0.363724
-0.0354355 0.392201
0.0311993 -0.371336
0.0341715 -0.364726
-0.0298387 0.341146
-0.0365007 0.392727
0.03223 -0.361267
-0.0279399 0.374816
-0.0260076 0.357677
0.0252459 -0.351496
0.0268931 -0.379673
-0.0236565 0.364099
-0.0312159 0.380505
-0.0395379 0.392616
-0.0475264 0.385711
-0.0525913 0.364856
-0.0641489 0.398234
0.0678948 -0.36958
0.0705413 -0.381483
0.0655068 -0.37442
-0.0575059 0.374746
-0.0509595 0.364208
0.0487649 -0.360358
0.0461855 -0.389581
0.0423153 -0.378214
0.0382815 -0.380302
0.0345129 -0.380826
0.0341404 -0.405614
-0.0320584 0.399494
-0.0346569 0.367428
-0.0419083 0.378831
0.0485964 -0.389558
0.0427836 -0.332808
0.0540939 -0.403398
-0.0449155 0.354677
0.0492731 -0.359703
0.0467832 -0.352194
-0.0417756 0.339032
-0.0463061 0.369689
0.0403187 -0.324511
0.0451843 -0.415985
-0.0368604 0.379844
0.0402616 -0.34814
-0.0412271 0.345188
0.0514959 -0.369744
0.0529428 -0.344916
-0.0546297 0.353367
0.0668372 -0.39205
-0.0690757 0.411306
-0.0596254 0.353937
-0.0622417 0.377785
0.0586668 -0.373078
0.0489058 -0.342005
0.0567972 -0.406899
-0.0452523 0.361054
-0.0545668 0.42241
-0.0475547 0.349398
-0.0566132 0.370223
0.0554311 -0.354207
-0.0606052 0.414384
0.0624831 -0.436664
-0.0559754 0.408555
-0.0430875 0.374364
-0.0428747 0.411409
0.043288 -0.421773
-0.0457233 0.403131
0.0411241 -0.368287
0.0399542 -0.356382
-0.0387334 0.320781
-0.0570505 0.405448
0.0532281 -0.355621
-0.0577419 0.366614
-0.0631456 0.358926
-0.0766598 0.398048
-0.0757375 0.368202
0.0696138 -0.34684
0.0773229 -0.389316
-0.0740111 0.365551
0.0687684 -0.35682
0.0688408 -0.37416
