-0.396321 -0.0234069
-0.370932 -0.00905503
-0.394248 0.0035983
-0.436317 0.0247088
-0.353308 0.0315789
-0.374301 0.0489704
0.352642 -0.0638161
-0.40545 0.0865967
0.438691 -0.106826
-0.415407 0.111154
0.36214 -0.112094
-0.382877 0.131706
-0.302953 0.113891
0.313505 -0.131379
0.339665 -0.14819
-0.324463 0.152093
-0.352645 0.173585
0.329937 -0.16991
-0.342636 0.182704
-0.330947 0.183421
-0.344171 0.19454
0.339095 -0.199684
-0.348328 0.210058
-0.309088 0.195879
0.299447 -0.204086
-0.294882 0.215367
0.305637 -0.244601
0.256401 -0.220263
-0.251651 0.233092
0.270576 -0.271381
0.249142 -0.263941
-0.26445 0.300379
-0.233291 0.276822
-0.229275 0.290968
0.227083 -0.304851
0.204642 -0.282156
0.236859 -0.349464
-0.212688 0.330396
0.185526 -0.317037
-0.18936 0.359068
-0.146234 0.297328
-0.178294 0.384798
-0.13941 0.32587
0.134269 -0.328124
0.144967 -0.369281
-0.131861 0.348412
0.115965 -0.333387
-0.120973 0.372792
0.129878 -0.428836
0.0909945 -0.323769
0.0938485 -0.361504
-0.0845336 0.383298
-0.0610833 0.325609
0.0534979 -0.355233
0.0502677 -0.379779
0.0417635 -0.377682
0.0313249 -0.37892
-0.0197034 0.36972
0.00470537 -0.382602
-0.00367371 -0.369616
-0.0145986 -0.416624
-0.0193999 -0.360983
-0.0264774 -0.386817
-0.0318547 -0.388867
-0.0367782 -0.387382
-0.0388266 -0.38275
-0.0387436 -0.382589
-0.0392459 -0.383262
-0.0429992 -0.386961
-0.0498462 -0.386444
-0.0585181 -0.383611
-0.0667776 -0.366281
-0.0945993 -0.392219
-0.108461 -0.373838
-0.128184 -0.367182
-0.127236 -0.330448
-0.178586 -0.376427
0.177788 0.333235
-0.189816 -0.304391
0.228421 0.318972
-0.278665 -0.360552
-0.21622 -0.256034
-0.242714 -0.288441
0.253115 0.290148
0.232039 0.258858
-0.248258 -0.274517
-0.262397 -0.298153
-0.227049 -0.262368
0.239372 0.275987
0.235366 0.262596
-0.238842 -0.253504
0.281883 0.283379
-0.317024 -0.298225
0.310597 0.275044
-0.318524 -0.24896
-0.270451 -0.19991
0.279242 0.188072
0.334691 0.20793
-0.321964 -0.181677
0.356686 0.190381
0.312842 0.157183
0.378668 0.179801
0.358106 0.159635
0.345126 0.148708
-0.380113 -0.156798
-0.337072 -0.138391
-0.345249 -0.137486
0.348839 0.133639
0.350727 0.120755
-0.342595 -0.105369
0.378003 0.104428
0.34591 0.0816575
0.432119 0.0810222
0.367868 0.0548699
0.366401 0.0484574
-0.37845 -0.0396778
0.429292 0.0432761
0.356456 0.0298903
0.377586 0.0228138
-0.378389 -0.0129901
-0.36533 -0.00578977
0.371933 -0.00293675
0.394936 -0.0190085
0.398575 -0.0357779
-0.42543 0.0564841
-0.366001 0.0562363
-0.371184 0.0609164
0.385018 -0.0682698
0.36462 -0.075316
0.389125 -0.0918505
-0.38705 0.104972
-0.36924 0.108385
0.371639 -0.115259
-0.37591 0.128558
-0.366466 0.134079
-0.392414 0.152523
-0.333815 0.138123
-0.359897 0.159151
0.33443 -0.159594
-0.365081 0.192749
-0.300298 0.16671
0.315694 -0.189843
0.331312 -0.213744
0.314083 -0.217731
0.317425 -0.232539
-0.304883 0.233625
0.309513 -0.244224
0.28695 -0.236221
0.327472 -0.286529
0.269962 -0.251474
0.268761 -0.256833
-0.270625 0.269111
-0.269742 0.27267
-0.286207 0.296802
-0.267782 0.287819
-0.255742 0.283476
-0.26225 0.302445
0.241099 -0.293707
-0.227049 0.294823
0.222872 -0.313523
0.192542 -0.302749
-0.182167 0.318157
-0.188788 0.358185
-0.172275 0.361558
0.167092 -0.380094
-0.154127 0.37836
0.13207 -0.349099
-0.127338 0.363272
-0.115589 0.339457
0.10325 -0.316525
-0.107396 0.349631
0.12214 -0.415259
0.0873524 -0.312529
0.101983 -0.396302
-0.0891486 0.38572
-0.0791441 0.372497
-0.0755863 0.401474
0.0642874 -0.397029
-0.0547401 0.400489
-0.0423536 0.375133
0.0307025 -0.380076
0.0212611 -0.399427
0.00815021 -0.388758
-0.00281979 -0.371147
-0.0127566 -0.398969
0.0201209 0.402322
0.0278229 0.389643
0.0332038 0.371837
-0.0485533 -0.399827
-0.0544481 -0.357971
-0.0704647 -0.392845
-0.0802089 -0.372112
0.0970992 0.38938
0.101695 0.365356
0.114993 0.372739
0.125563 0.369122
0.132112 0.359122
-0.145933 -0.369276
-0.142253 -0.349196
-0.145983 -0.347705
-0.151465 -0.345044
0.153433 0.333359
-0.174492 -0.348291
-0.161465 -0.303301
0.180156 0.308387
0.19989 0.318256
-0.207947 -0.296175
0.235821 0.311178
0.225332 0.274364
-0.247389 -0.27603
-0.269628 -0.288163
-0.239998 -0.253085
0.256647 0.267748
0.250417 0.254558
-0.246418 -0.239522
0.262514 0.246978
-0.294104 -0.256408
0.331303 0.269621
0.276016 0.206032
-0.318766 -0.221615
0.338716 0.227879
-0.336095 -0.212139
-0.328786 -0.195727
-0.344494 -0.192727
0.372269 0.199387
-0.368291 -0.186063
0.357144 0.173573
0.319312 0.14844
-0.327687 -0.141867
-0.353871 -0.145107
0.35703 0.140782
0.356267 0.131279
0.377528 0.124877
0.342976 0.0995294
-0.371678 -0.0925533
-0.359283 -0.079949
0.391086 0.0795618
0.371024 0.0596292
0.350783 0.0454888
-0.354234 -0.0339338
0.397223 0.0266627
0.336719 0.00760207
-0.344338 0.00441349
0.372305 -0.0131358
-0.410927 0.0280746
-0.337962 0.0266697
0.372739 -0.0308639
0.373961 -0.0362652
0.389572 -0.0445588
0.38507 -0.0500849
0.362583 -0.0522697
-0.381699 0.0625873
-0.349478 0.0595328
0.364493 -0.0668175
0.372535 -0.0825172
0.40183 -0.109592
0.32473 -0.102478
-0.361606 0.131417
-0.328694 0.127949
0.351471 -0.143895
-0.374365 0.166213
0.359093 -0.169523
-0.357537 0.182981
-0.304159 0.161947
0.301281 -0.166308
0.354543 -0.206337
0.335946 -0.208942
0.308074 -0.202714
-0.316491 0.217447
0.328309 -0.236134
0.285284 -0.217857
-0.276892 0.222317
-0.328319 0.27691
-0.292015 0.258461
-0.267849 0.247959
0.283151 -0.283493
-0.304405 0.319543
0.274356 -0.303708
-0.25889 0.305055
-0.228859 0.281084
-0.271707 0.34652
0.253016 -0.334886
-0.236896 0.328223
-0.222926 0.315654
-0.240399 0.354885
-0.192077 0.294036
0.205132 -0.332419
0.176886 -0.309506
-0.174452 0.333507
0.172113 -0.369614
0.139373 -0.338047
-0.137788 0.375641
-0.123666 0.365689
-0.114312 0.360572
0.109074 -0.380343
0.0889307 -0.336967
-0.0896696 0.357691
-0.0867635 0.366112
0.0750813 -0.363449
-0.0768415 0.421197
-0.0558905 0.326151
0.0457254 -0.375855
0.0308221 -0.367148
-0.0186804 0.407223
0.00715707 -0.442873
0.0027241 0.433434
0.0116019 0.390565
0.0164331 0.401752
-0.0269853 -0.437141
0.0298841 0.426501
-0.0324813 -0.377782
0.0376742 0.386365
0.0362731 0.351023
-0.0416171 -0.337266
0.05457 0.380355
0.0618919 0.372468
0.0801221 0.396405
-0.0955658 -0.383131
0.115966 0.392764
0.115934 0.345756
-0.130878 -0.340835
0.146157 0.3475
-0.167945 -0.357892
-0.167024 -0.333808
0.173549 0.337276
-0.185528 -0.345167
-0.193239 -0.349328
-0.188879 -0.335144
0.199875 0.351292
-0.215445 -0.370027
-0.17935 -0.301822
0.187212 0.306234
-0.210274 -0.327214
-0.207341 -0.304832
0.222852 0.308448
0.234628 0.305486
0.247072 0.297568
-0.258654 -0.283129
0.283209 0.281374
0.266037 0.247992
-0.27098 -0.239119
0.295775 0.250968
0.282413 0.231468
-0.299198 -0.231259
-0.305864 -0.224834
0.324013 0.228122
0.316775 0.215577
0.320818 0.212963
0.330249 0.215626
0.334311 0.213682
0.307646 0.193967
-0.327002 -0.198734
-0.328122 -0.190953
-0.347148 -0.188156
-0.316901 -0.155343
0.313441 0.136639
-0.357183 -0.137447
-0.325357 -0.112543
0.340128 0.0981548
-0.397875 -0.0985055
0.444106 0.0935968
0.344667 0.0567511
0.360304 0.0524971
-0.373526 -0.0446879
0.420838 0.0430351
-0.423907 -0.03712
0.397833 0.0292135
0.386522 0.0184103
-0.378421 -0.0108301
0.374875 0.00166632
0.387822 -0.00927205
0.405983 -0.0221663
-0.428488 0.0347004
0.407954 -0.043362
-0.36538 0.0476669
0.380361 -0.0607057
0.344199 -0.0606692
0.426338 -0.0846282
0.347499 -0.0821905
-0.400112 0.108251
-0.327998 0.0989734
-0.361236 0.120702
0.331818 -0.125629
-0.336091 0.138662
0.373728 -0.17181
0.285787 -0.147469
-0.32588 0.177716
-0.295691 0.169926
-0.362145 0.210935
0.321043 -0.195696
-0.305891 0.186687
0.334959 -0.209523
-0.381688 0.245486
-0.277306 0.182986
-0.312531 0.214442
0.306853 -0.227559
0.273194 -0.218983
-0.27864 0.238191
-0.294254 0.264401
-0.260244 0.246705
0.263336 -0.269991
0.239965 -0.260057
-0.232436 0.258299
0.241328 -0.279087
-0.264805 0.31514
-0.222654 0.272415
-0.248578 0.316361
-0.226301 0.303838
0.217181 -0.315611
-0.215395 0.328113
-0.196597 0.325283
-0.203869 0.365947
-0.160714 0.30394
-0.182423 0.364564
-0.169387 0.353766
-0.15904 0.35515
0.154413 -0.376397
-0.140528 0.368786
0.117001 -0.372872
0.0908632 -0.342765
0.0903849 -0.437445
0.0555244 -0.356274
0.053358 -0.368461
-0.0514588 0.401838
-0.0452132 0.33847
-0.0524743 0.38421
0.0498353 -0.384576
0.0436486 -0.346511
0.0445352 -0.433248
-0.034917 0.39308
0.0226234 -0.395486
0.010957 -0.336581
-0.0136844 -0.460414
0.0237887 0.405058
-0.0388234 -0.365825
0.0610556 0.401123
-0.0780244 -0.458465
0.0828543 0.430306
-0.0884313 -0.396169
-0.0885263 -0.357635
-0.123475 -0.430977
-0.105365 -0.336071
-0.121495 -0.380489
-0.1194 -0.36763
-0.129566 -0.386319
0.129052 0.367529
-0.13406 -0.365759
-0.14609 -0.366564
-0.163788 -0.366994
0.183488 0.376527
0.164907 0.314063
-0.181759 -0.330641
0.208227 0.347973
0.201086 0.313291
0.225863 0.327587
0.243444 0.333735
0.230832 0.301547
0.226687 0.290135
-0.238164 -0.302524
-0.222027 -0.276293
-0.27739 -0.332571
0.257799 0.299303
-0.251305 -0.282283
0.294667 0.308975
0.226321 0.229153
0.314725 0.300933
0.293346 0.261587
0.307037 0.254506
-0.332799 -0.26391
0.341897 0.255167
0.323202 0.222234
0.338015 0.213275
-0.365812 -0.220918
0.381107 0.213625
0.318709 0.164751
-0.325143 -0.159938
-0.38516 -0.166367
0.369623 0.144093
-0.346448 -0.122543
0.367734 0.112909
-0.429372 -0.125488
-0.326526 -0.0850228
-0.389168 -0.0964362
-0.42674 -0.101388
-0.357296 -0.0802215
-0.358502 -0.0779515
0.353071 0.0726522
-0.41091 -0.0875347
0.450475 0.0865137
-0.425063 -0.0761691
0.380622 0.0524026
-0.403285 -0.0416966
-0.328655 -0.0184122
0.348134 0.000629693
0.379308 -0.00858611
-0.371368 0.0229856
-0.381393 0.0375356
0.367087 -0.0489796
-0.367488 0.0516562
0.392721 -0.0649568
0.352092 -0.0585084
-0.342036 0.0559088
0.356243 -0.0678369
-0.396693 0.079803
-0.332522 0.0756323
0.342725 -0.0873466
-0.37582 0.104153
-0.347877 0.106028
0.359056 -0.122822
0.37138 -0.137603
0.374727 -0.149475
0.319034 -0.133512
-0.329403 0.144434
-0.332565 0.154037
0.316095 -0.158754
-0.328209 0.172359
0.355746 -0.201135
-0.370278 0.225334
-0.294632 0.196598
0.331615 -0.243243
0.286961 -0.223288
0.280147 -0.236043
-0.262174 0.234344
0.284568 -0.270717
-0.310751 0.311267
-0.23018 0.244227
-0.263867 0.291646
-0.261407 0.30057
-0.247814 0.292628
-0.243565 0.287323
-0.257302 0.301067
-0.234427 0.277137
0.236037 -0.287162
-0.253136 0.319937
-0.212399 0.280964
0.22809 -0.335288
0.188765 -0.299591
0.178761 -0.319343
-0.15276 0.316122
0.156243 -0.370398
-0.157466 0.42043
-0.0994501 0.303962
0.105763 -0.360473
0.0977958 -0.374333
-0.0934307 0.396213
0.0864913 -0.38652
-0.0731005 0.376342
-0.0631165 0.35321
-0.0696203 0.410663
0.0658606 -0.40151
-0.0573466 0.381827
-0.0535655 0.380071
-0.0490836 0.398428
-0.0350833 0.340305
0.0263327 -0.353784
-0.012789 0.381569
-0.000189777 0.359847
-0.00965925 -0.367623
-0.0269249 -0.393789
-0.0424638 -0.383913
0.0574041 0.396024
-0.0655769 -0.40449
-0.0648376 -0.348483
0.0717376 0.342102
0.0847114 0.391285
-0.0811443 -0.372783
0.0933756 0.37455
0.0912784 0.341932
0.116894 0.40256
-0.118101 -0.379447
0.12155 0.350736
-0.141313 -0.375743
-0.12411 -0.296436
0.151141 0.309626
0.16593 0.32276
-0.170808 -0.313256
-0.206489 -0.341017
-0.219174 -0.336936
-0.2091 -0.297651
0.239799 0.315888
-0.268894 -0.350188
-0.224968 -0.282299
-0.237078 -0.28382
0.249136 0.282098
-0.286199 -0.32499
-0.23233 -0.25555
-0.259432 -0.274614
0.254229 0.2566
0.269691 0.268898
-0.25166 -0.251304
0.26181 0.243522
-0.295908 -0.264816
0.342403 0.284679
0.259375 0.202476
-0.297077 -0.226099
-0.327061 -0.229587
-0.317022 -0.205064
-0.322504 -0.191472
0.327215 0.17126
-0.372232 -0.18686
-0.298128 -0.138614
0.341683 0.141799
0.337877 0.137446
-0.349034 -0.139997
0.398316 0.147049
0.345136 0.122529
0.359648 0.123132
-0.367711 -0.122242
-0.3382 -0.106434
0.343227 0.0987464
-0.380739 -0.104658
-0.337846 -0.0820418
0.363522 0.0696248
0.390799 0.0627523
0.394982 0.0460643
0.397746 0.0298419
-0.422266 -0.0186479
-0.373428 0.0039099
-0.36152 0.0160235
0.368997 -0.0336884
-0.400983 0.0421624
0.433018 -0.0573494
0.347967 -0.0523127
-0.368996 0.0539607
0.386534 -0.0634515
-0.397948 0.0698183
-0.373318 0.0724605
-0.391865 0.0850112
-0.351389 0.0816762
0.348712 -0.0883285
-0.384588 0.101595
-0.325779 0.092422
0.325331 -0.107144
-0.365739 0.134009
-0.332284 0.136085
0.35055 -0.161178
-0.36593 0.179771
0.368141 -0.195806
0.338222 -0.190146
0.357746 -0.211242
0.307581 -0.190565
0.339221 -0.219969
-0.303732 0.209249
0.316758 -0.232354
0.289264 -0.222022
-0.272864 0.221351
0.28178 -0.240875
-0.288631 0.259917
-0.264866 0.248489
0.256135 -0.248927
-0.253051 0.254296
0.276128 -0.293617
0.242713 -0.273186
0.274121 -0.325204
0.226022 -0.287828
-0.227234 0.310132
-0.216665 0.317104
-0.206392 0.322081
0.205741 -0.338234
0.198107 -0.336689
-0.195416 0.346666
0.193972 -0.353019
0.184962 -0.352613
0.175697 -0.351996
-0.174472 0.372759
0.169341 -0.380141
-0.147742 0.37447
-0.119973 0.341635
0.108483 -0.346033
-0.100484 0.36737
-0.0937704 0.376269
-0.0892518 0.389484
-0.0760896 0.35365
0.0788365 -0.37759
0.0710536 -0.358994
-0.0648845 0.374798
-0.0601716 0.374467
0.0584002 -0.393279
0.0504016 -0.39398
0.0369739 -0.351019
-0.0226065 0.378571
-0.00908889 0.345051
-0.00421844 -0.363336
0.0275003 0.429147
0.0299103 0.322509
0.0482461 0.39339
-0.0518358 -0.356197
0.069822 0.377353
-0.0806602 -0.418853
0.0946504 0.437079
0.078888 0.340452
-0.0918055 -0.386755
-0.0939398 -0.370849
-0.100615 -0.360521
-0.114299 -0.368786
-0.13887 -0.4029
-0.120918 -0.327369
-0.141669 -0.350923
0.142807 0.321243
-0.162833 -0.349259
0.190384 0.372608
-0.205919 -0.384349
-0.177254 -0.301062
0.203428 0.314236
0.226347 0.32825
0.221664 0.306185
0.218799 0.293537
-0.241043 -0.312773
-0.214397 -0.266469
0.248816 0.286054
0.238538 0.26415
-0.257313 -0.273984
0.293433 0.295236
0.259273 0.249734
0.289352 0.269744
0.27455 0.24775
0.314568 0.273126
0.285317 0.237862
0.28036 0.223734
-0.273182 -0.211631
0.322439 0.228494
0.296201 0.192084
0.338755 0.203891
0.364452 0.19184
-0.377729 -0.183955
0.354195 0.155955
-0.329472 -0.128514
0.374141 0.125485
-0.420717 -0.130049
0.418374 0.119629
-0.391146 -0.104643
-0.34608 -0.0850854
0.337751 0.0775572
-0.343417 -0.0763082
0.38185 0.0765232
0.353361 0.0697702
-0.358846 -0.0716089
0.376292 0.0667108
0.385833 0.0639936
0.389305 0.0556631
-0.422915 -0.0525747
-0.336246 -0.027459
0.382136 0.013943
0.376598 -0.00376347
-0.389095 0.0180878
0.402197 -0.036093
0.377068 -0.0477663
0.406487 -0.0597203
0.348697 -0.0578982
0.390943 -0.0656066
-0.352426 0.0620134
0.366013 -0.0713616
0.376903 -0.0750021
0.410148 -0.0855646
0.348057 -0.0791974
-0.374688 0.096457
0.404908 -0.116522
-0.396584 0.127757
-0.356666 0.134896
-0.350529 0.151745
0.382317 -0.185339
0.298745 -0.158393
-0.32717 0.186996
-0.329935 0.208519
-0.317556 0.21557
-0.30003 0.218964
0.30407 -0.23164
0.299742 -0.23039
0.320878 -0.246029
-0.319165 0.249252
-0.281235 0.226879
0.279749 -0.231377
0.310996 -0.264403
-0.295152 0.258973
-0.286402 0.267493
-0.295087 0.301225
0.305196 -0.327116
-0.271936 0.302466
0.240555 -0.289661
-0.257149 0.340806
0.28783 -0.405633
0.17463 -0.272783
0.197589 -0.320684
-0.179782 0.324064
0.19822 -0.376063
-0.193738 0.388288
0.171773 -0.369586
0.162462 -0.368645
-0.148346 0.363204
0.133714 -0.342573
-0.128744 0.342962
0.14286 -0.388897
-0.152727 0.439739
-0.102883 0.320222
-0.11764 0.393846
-0.104025 0.384937
-0.0937108 0.397764
-0.0760259 0.377236
-0.0661845 0.374725
0.0560341 -0.385352
0.0449063 -0.363388
-0.034577 0.368349
0.0263368 -0.397695
0.0169933 -0.372079
-0.0092981 0.390732
-0.000718653 0.399125
0.00716694 0.373685
-0.011183 -0.401281
-0.0111913 -0.357729
0.0185849 0.381773
0.0299846 0.373104
-0.0401971 -0.378224
-0.0517487 -0.381233
0.0658626 0.38264
0.0817824 0.382545
0.106245 0.4111
0.0990807 0.34554
0.117264 0.36756
-0.125353 -0.368989
-0.117908 -0.333142
-0.154313 -0.408244
0.148563 0.368627
-0.145918 -0.340589
0.172337 0.364757
-0.208019 -0.418294
-0.150251 -0.28277
0.188233 0.330584
0.202181 0.332083
-0.223549 -0.353784
0.23131 0.347338
0.223634 0.320766
0.238178 0.318842
-0.263882 -0.338805
0.273708 0.330702
0.256421 0.289749
0.267863 0.286461
-0.303002 -0.310056
-0.255347 -0.247198
-0.288035 -0.273028
-0.271818 -0.245917
-0.311967 -0.273854
0.308209 0.260612
0.297952 0.247272
0.309232 0.244606
-0.337207 -0.257564
0.334101 0.239863
-0.325049 -0.215817
-0.324572 -0.198292
-0.354792 -0.194206
0.380805 0.186932
0.320232 0.14155
-0.345054 -0.142028
0.372344 0.137449
0.33586 0.11628
-0.333633 -0.108211
0.355502 0.103556
0.361372 0.098505
-0.353134 -0.0919319
0.344301 0.0836981
-0.342213 -0.0798269
0.388609 0.0828474
0.314977 0.0618803
-0.335471 -0.0574141
0.404599 0.057854
-0.432376 -0.0523845
0.415607 0.0405766
0.377456 0.0278199
0.409081 0.0166413
-0.443131 -0.00642784
0.432023 -0.00419594
0.378646 -0.0188805
0.395316 -0.0340186
-0.426387 0.0479579
0.403595 -0.0548246
-0.366141 0.0641968
0.409744 -0.088113
0.287617 -0.0660446
-0.331729 0.0881683
-0.346975 0.100222
0.372304 -0.116558
-0.420154 0.137461
-0.336473 0.117137
-0.338972 0.126643
0.362134 -0.142429
-0.40563 0.164624
0.40115 -0.172304
0.346517 -0.156782
0.331276 -0.158992
-0.362603 0.186572
-0.30425 0.172447
-0.341088 0.210304
-0.303067 0.205039
0.295715 -0.218253
-0.311267 0.246283
-0.264582 0.225709
0.263845 -0.239321
-0.286097 0.272935
-0.25079 0.253167
0.265851 -0.282796
0.237397 -0.259251
-0.247351 0.279802
-0.232619 0.279004
0.22063 -0.271689
-0.226658 0.282006
0.247803 -0.322911
0.197676 -0.265511
-0.206212 0.290903
0.233804 -0.345807
0.189401 -0.290961
0.210734 -0.332835
-0.198433 0.331558
-0.18813 0.336967
-0.182444 0.344379
0.178405 -0.36108
-0.163608 0.36341
-0.148072 0.371976
0.136989 -0.376798
-0.116677 0.346675
0.11067 -0.355652
-0.126576 0.439032
-0.0757442 0.280017
-0.0980665 0.406979
0.0768878 -0.361917
-0.0721047 0.403462
0.0721205 -0.454207
-0.0581321 0.435745
0.0376492 -0.378068
-0.0232696 0.39343
-0.00777814 0.3416
-0.00105427 0.449664
0.0124808 0.384783
0.0177551 0.354902
0.0293125 0.407617
-0.0305625 -0.369942
0.0383376 0.393713
0.0390756 0.347991
0.0656519 0.436631
-0.070184 -0.398752
0.0744053 0.364093
-0.0901053 -0.373042
0.115785 0.426422
0.0948975 0.307148
-0.109187 -0.33353
0.125132 0.366737
0.133596 0.357095
-0.14383 -0.360317
-0.15384 -0.36681
-0.1611 -0.355464
0.17939 0.373686
-0.193703 -0.376766
-0.189136 -0.343656
-0.189463 -0.320725
0.220046 0.346063
0.19714 0.279783
-0.22925 -0.306123
-0.228783 -0.292602
-0.255085 -0.314132
0.26122 0.305759
0.257883 0.287139
0.286536 0.307065
0.250304 0.260014
0.276032 0.280343
-0.274642 -0.277946
-0.263969 -0.265249
-0.2939 -0.285037
0.289794 0.273016
-0.304449 -0.266751
-0.269586 -0.226197
0.28435 0.217647
0.32057 0.223421
-0.333 -0.204682
-0.335237 -0.186173
-0.362565 -0.182776
0.372942 0.17286
0.363062 0.155591
0.347909 0.141683
-0.381793 -0.150284
-0.325358 -0.125612
0.358977 0.135225
0.360568 0.129948
0.384842 0.13299
0.375656 0.1239
0.359615 0.11375
-0.38573 -0.112943
-0.34033 -0.0933001
0.359934 0.0843593
-0.386725 -0.072781
-0.384988 -0.056286
0.395544 0.0447992
-0.381423 -0.0309631
0.39188 0.0167287
0.363049 0.007093
0.430015 -0.00432534
-0.40895 0.0142461
0.405654 -0.0232245
0.355096 -0.0273283
-0.356919 0.03551
-0.385748 0.0419159
0.385442 -0.0474856
0.381208 -0.0505892
0.392702 -0.0573197
-0.401154 0.0683932
-0.356076 0.0679681
0.371506 -0.0771228
0.37406 -0.0873462
-0.367665 0.0960552
0.3778 -0.113164
0.339017 -0.113461
-0.342402 0.134857
-0.347191 0.153857
0.343848 -0.169349
0.34828 -0.186989
0.335531 -0.194671
0.323506 -0.201609
0.334644 -0.214762
0.320351 -0.206151
-0.33717 0.221128
-0.314509 0.203171
-0.307913 0.203038
0.32388 -0.218796
0.285947 -0.201441
-0.297836 0.224859
-0.302227 0.244133
-0.286495 0.246615
-0.285144 0.272185
-0.273136 0.28648
-0.241655 0.275769
0.255052 -0.31548
0.208128 -0.271047
0.225812 -0.313355
-0.21304 0.319215
-0.196646 0.312611
-0.205337 0.34735
0.19544 -0.342848
-0.186946 0.34266
-0.173292 0.328977
0.173362 -0.335044
0.169049 -0.33413
-0.172432 0.346186
-0.161574 0.341223
0.158355 -0.35469
-0.146383 0.356204
0.125929 -0.338722
-0.11678 0.356198
-0.0941981 0.338009
0.0771774 -0.320382
-0.0683222 0.351101
0.0625713 -0.413239
0.0390488 -0.321196
0.0400654 -0.399725
-0.0285438 0.384538
-0.017739 0.38687
-0.00923178 0.383739
0.0072933 -0.411534
0.00615196 -0.373921
0.00565387 -0.34712
0.00115331 -0.401674
0.00509514 0.360324
-0.0164072 -0.357873
0.0352405 0.414541
-0.0528152 -0.470229
-0.0506327 -0.328288
-0.0642399 -0.363723
0.0856484 0.371606
-0.108401 -0.413148
0.123611 0.420831
0.112164 0.332134
-0.120889 -0.352657
-0.131301 -0.368219
0.135177 0.362685
-0.141951 -0.360438
-0.141642 -0.345242
-0.168685 -0.383164
-0.15095 -0.315851
0.177839 0.344542
0.178512 0.315057
-0.196566 -0.324038
0.220077 0.335882
0.217095 0.304897
