0.234702 -0.258157
0.282156 -0.301947
0.291835 -0.29505
0.308297 -0.29799
0.24246 -0.221348
0.372702 -0.332815
-0.296965 0.258797
0.297832 -0.245729
-0.3149 0.261468
0.350478 -0.282661
-0.298236 0.250532
0.245027 -0.213326
0.324415 -0.299137
-0.227117 0.217896
-0.317208 0.306113
0.24959 -0.230519
0.350752 -0.322639
-0.304326 0.271076
0.282048 -0.233439
0.317909 -0.254052
0.336977 -0.261767
-0.295367 0.222375
0.283587 -0.198036
0.358437 -0.255252
-0.318111 0.219557
0.312792 -0.197322
-0.254356 0.171085
-0.349267 0.240724
0.307608 -0.188308
-0.255618 0.167757
-0.349845 0.237505
0.318317 -0.195368
0.310337 -0.19334
0.386835 -0.243482
-0.298786 0.19438
-0.321391 0.203647
-0.387509 0.234485
0.385377 -0.210196
-0.32867 0.18667
0.291836 -0.153999
0.349674 -0.188588
0.377177 -0.201906
0.34026 -0.184559
-0.265296 0.155162
-0.410117 0.22413
0.402008 -0.185555
-0.344125 0.164521
0.323272 -0.132642
-0.321158 0.141217
-0.317529 0.133699
-0.397385 0.157513
0.317128 -0.109801
0.382698 -0.144661
-0.294353 0.119075
-0.389984 0.155639
-0.34185 0.131808
-0.403738 0.156836
0.371519 -0.124002
-0.317803 0.119428
-0.382261 0.140101
-0.370188 0.123985
-0.354003 0.111131
-0.388793 0.117938
-0.37518 0.101459
-0.376012 0.0915956
-0.38077 0.0817963
-0.386537 0.0716169
-0.386592 0.060756
-0.38419 0.0520309
-0.387782 0.045274
-0.393473 0.0417983
-0.396617 0.0409581
-0.359345 0.0351907
-0.425265 0.0410414
-0.365944 0.031822
-0.417022 0.0465208
0.381125 -0.0283327
-0.375226 0.044179
0.330307 -0.0361238
0.411055 -0.0698992
-0.351894 0.0696754
-0.38949 0.0823327
-0.380254 0.0749369
0.318625 -0.043539
0.405786 -0.0563405
-0.34763 0.0440909
-0.390562 0.0363606
-0.382733 0.0232183
0.277864 -0.000592172
0.462633 -0.00585506
-0.384948 0.00968903
0.363217 0.0107935
-0.397665 -0.00222178
0.404294 0.0195089
-0.352079 -0.00260201
-0.41 -0.0020122
0.30438 0.0197787
0.462442 0.013781
-0.393734 -0.00754997
0.334364 0.0229028
0.379831 0.0229421
0.423188 0.0271541
0.357987 0.0252393
0.404173 0.0309822
-0.348953 -0.0287425
-0.373202 -0.0454507
-0.41351 -0.0656101
0.306529 0.0687919
0.433662 0.0964958
-0.376047 -0.0882133
0.315406 0.0895454
0.376126 0.106605
0.407462 0.113814
0.316798 0.0872125
0.42086 0.108996
-0.356573 -0.0859123
0.331519 0.0925184
0.348394 0.0916316
0.408097 0.108097
-0.317138 -0.077074
-0.430652 -0.108981
0.341681 0.103522
0.376466 0.112769
0.387221 0.117518
-0.363624 -0.109678
-0.339984 -0.108659
-0.409276 -0.140516
0.31352 0.125732
0.364329 0.14903
0.373968 0.1542
-0.324345 -0.132407
-0.397504 -0.164571
0.352967 0.167992
-0.334266 -0.157905
-0.363419 -0.172467
-0.361461 -0.18105
-0.326398 -0.163436
-0.406852 -0.204236
0.323248 0.175373
-0.29162 -0.157218
-0.365332 -0.194881
0.272547 0.160088
0.358145 0.203797
0.311793 0.182412
0.374938 0.218395
-0.346144 -0.208343
0.289913 0.18329
0.337451 0.215932
0.333492 0.227837
0.28133 0.199235
0.348307 0.249425
-0.275355 -0.205497
-0.338812 -0.2593
-0.305893 -0.243947
-0.31381 -0.256614
-0.289591 -0.248663
-0.346431 -0.293581
0.297829 0.267461
-0.278974 -0.255696
0.220162 0.196998
0.33544 0.297379
-0.283517 -0.260614
-0.295471 -0.270203
-0.315554 -0.289015
0.287228 0.275691
-0.296524 -0.295724
0.256128 0.261141
-0.214111 -0.217961
-0.333274 -0.34322
0.260679 0.2881
-0.231478 -0.270853
0.212969 0.249889
0.223327 0.269664
0.29014 0.362658
-0.236392 -0.31333
-0.235829 -0.321219
-0.253984 -0.351636
0.22135 0.318633
-0.199419 -0.299728
-0.240196 -0.36127
0.195882 0.305622
0.207132 0.33041
0.194407 0.331442
0.185998 0.32875
0.210165 0.377552
-0.179391 -0.344812
-0.180797 -0.341539
-0.196113 -0.363135
0.159535 0.29038
0.183592 0.34711
0.172831 0.349733
0.177902 0.366872
-0.151507 -0.338196
-0.160175 -0.353814
-0.16724 -0.373429
-0.163571 -0.36014
-0.175594 -0.377417
0.142521 0.310442
0.15565 0.35875
0.136661 0.341756
0.157414 0.402407
-0.123036 -0.369503
0.110195 0.308796
0.1356 0.386167
-0.091661 -0.312915
-0.134665 -0.425219
0.114122 0.349852
-0.0931272 -0.313289
-0.129957 -0.405392
0.106531 0.328292
0.114703 0.3765
0.100825 0.367065
-0.0636027 -0.293207
-0.0983876 -0.449746
0.0808427 0.376608
-0.0547233 -0.346344
0.0548051 0.319168
-0.0416732 -0.317847
-0.0664556 -0.402784
0.0647378 0.372035
-0.0484409 -0.405396
0.0563386 0.38046
0.0505753 0.363889
0.051367 0.405852
-0.0267309 -0.399063
0.0364164 0.401867
-0.020953 -0.354529
-0.0316631 -0.41208
0.0319266 0.330253
0.0358522 0.424196
-0.0116099 -0.358985
-0.0162786 -0.400149
-0.0124467 -0.382945
-0.0156214 -0.391306
0.0145509 0.320672
0.00795124 0.413301
0.0232331 -0.367759
0.0246907 -0.361672
0.0259701 -0.415268
-0.0128094 0.337484
0.0244688 -0.295695
0.0245236 -0.428841
-0.0179518 0.362271
0.0367097 -0.336348
-0.0245394 0.316461
-0.0400796 0.400406
0.0594573 -0.329187
0.068674 -0.388576
0.0723907 -0.388733
0.0704294 -0.368322
0.0771437 -0.394354
-0.0565916 0.323104
-0.0828968 0.407549
0.0916084 -0.324879
0.108083 -0.392411
0.103289 -0.3679
0.0939331 -0.353102
-0.0664261 0.283604
-0.104547 0.421379
0.112918 -0.356568
-0.113994 0.370647
0.128581 -0.358221
-0.102884 0.321116
-0.127434 0.39755
0.119233 -0.302591
0.153652 -0.403748
0.133816 -0.323798
0.152138 -0.37937
-0.138284 0.341091
0.140671 -0.304077
0.165793 -0.372415
-0.137593 0.308232
-0.191213 0.406199
-0.142817 0.292689
-0.188423 0.39143
0.176483 -0.330389
-0.189175 0.371729
0.198341 -0.368308
-0.166906 0.330001
-0.179619 0.352268
-0.20229 0.389952
0.201 -0.35651
-0.176766 0.326064
-0.198079 0.358902
-0.194645 0.335362
-0.198195 0.329302
0.168314 -0.251897
0.222764 -0.3441
-0.200453 0.300419
0.186707 -0.257863
0.233807 -0.330653
-0.212856 0.291229
-0.231225 0.304567
-0.259982 0.332026
0.208176 -0.253453
0.251112 -0.310574
-0.197322 0.24591
-0.2807 0.351681
0.233489 -0.277374
-0.213873 0.261445
-0.238876 0.299145
0.183795 -0.213522
0.276082 -0.329067
-0.261458 0.292473
0.280576 -0.290537
-0.289338 0.300039
-0.255316 0.257214
-0.300632 0.299761
0.288702 -0.271171
-0.317533 0.293556
0.279822 -0.254258
-0.224519 0.209929
-0.335756 0.32012
0.279927 -0.249243
-0.252765 0.226358
-0.305094 0.270951
-0.322337 0.279662
0.285452 -0.230641
-0.262486 0.210927
-0.336719 0.27493
0.29641 -0.22297
-0.294625 0.211745
0.250391 -0.179479
0.346473 -0.256008
-0.338316 0.225941
0.304656 -0.197656
0.325057 -0.206061
0.342203 -0.207682
-0.323515 0.183707
0.294087 -0.166015
0.35038 -0.199675
-0.321814 0.169996
0.270978 -0.147339
0.382118 -0.206103
-0.332762 0.164989
-0.358893 0.177468
-0.383033 0.192127
0.332449 -0.159989
-0.307513 0.140941
-0.394764 0.189274
0.340426 -0.151627
-0.315398 0.128797
-0.39266 0.166728
0.312481 -0.126952
0.391465 -0.147124
-0.351654 0.108036
-0.388888 0.114028
-0.382758 0.105278
-0.402103 0.107167
-0.376028 0.0933983
-0.404858 0.0989471
0.320376 -0.0743424
0.400479 -0.0781924
0.362598 -0.0599414
0.411919 -0.0631101
-0.348658 0.0389511
0.274813 -0.0387904
0.445519 -0.0683361
-0.378911 0.0481986
0.35629 -0.0612631
-0.391628 0.0689965
-0.317467 0.062816
-0.449844 0.0983122
0.356253 -0.0820762
-0.369989 0.0677924
0.379441 -0.0722124
-0.356648 0.0512968
-0.439998 0.0638211
0.414369 -0.0507086
-0.3851 0.0237601
-0.392913 0.0199651
-0.42501 0.0164221
0.415531 -0.0116871
-0.437363 -0.0119621
0.385523 0.00492846
-0.319161 -0.0217768
-0.431544 -0.0259176
-0.390837 -0.0294022
-0.390615 -0.0217151
0.350142 0.0162127
0.341675 0.02259
0.455612 0.0415311
-0.388122 -0.054882
0.333014 0.0381425
-0.294173 -0.046365
-0.415171 -0.0521192
0.329215 0.036065
0.371651 0.0493959
0.468342 0.0720033
-0.432429 -0.0889065
0.376717 0.0679115
-0.335745 -0.075479
0.343472 0.0661509
0.337372 0.0722605
0.420226 0.102564
-0.314178 -0.0962206
-0.405404 -0.116415
0.333684 0.0919403
0.38593 0.110366
0.368513 0.113542
-0.28301 -0.102811
-0.421926 -0.1373
0.363418 0.110503
-0.321452 -0.112389
0.30547 0.0904751
0.378442 0.124372
0.364165 0.137153
0.38944 0.147008
-0.348102 -0.157157
0.330964 0.136277
0.369181 0.154763
0.357187 0.163508
0.32414 0.150509
0.399291 0.195531
0.3193 0.164881
0.380315 0.193066
-0.345853 -0.199528
0.359497 0.193095
-0.297414 -0.170531
-0.349448 -0.186408
-0.367788 -0.189778
-0.292383 -0.148923
-0.382315 -0.188542
0.317842 0.156804
0.317639 0.167474
0.393098 0.233963
-0.295125 -0.203108
-0.306379 -0.217322
-0.376156 -0.263652
0.360757 0.246358
-0.287315 -0.216089
-0.297233 -0.225735
-0.382672 -0.291155
0.383858 0.285115
-0.314349 -0.255849
0.287152 0.225437
-0.297183 -0.256466
0.333867 0.275657
-0.276212 -0.242093
-0.301988 -0.257985
-0.304683 -0.259259
-0.25627 -0.218546
-0.322474 -0.27324
-0.278486 -0.240671
-0.323817 -0.283772
0.30309 0.274886
-0.245174 -0.25078
-0.275425 -0.295557
-0.257176 -0.284576
0.230609 0.254101
0.272071 0.31275
-0.220634 -0.280886
0.217158 0.2668
0.252391 0.312141
0.251019 0.320284
0.252293 0.323795
0.215015 0.282415
0.266006 0.362693
-0.193759 -0.281784
-0.211424 -0.307862
-0.259273 -0.372306
0.249476 0.364109
-0.204506 -0.309006
0.190012 0.277396
0.211413 0.30927
0.255787 0.385019
0.194473 0.301962
0.234363 0.361404
-0.200697 -0.338676
0.205818 0.347553
0.185189 0.329299
0.20354 0.370385
-0.172998 -0.338902
0.17716 0.342992
0.178834 0.352388
-0.134227 -0.281094
-0.203491 -0.414523
0.193003 0.409603
-0.162965 -0.35415
0.147903 0.318734
-0.136321 -0.291531
-0.155339 -0.332709
-0.168065 -0.380883
-0.162604 -0.377168
-0.120531 -0.284522
-0.173616 -0.440026
0.135927 0.373362
-0.114659 -0.349373
0.118676 0.404478
-0.116118 -0.417822
0.102815 0.390193
-0.078674 -0.298997
-0.106718 -0.410718
0.0721645 0.324856
0.102969 0.433139
-0.0767639 -0.318135
-0.1069 -0.431446
0.0831548 0.393208
-0.0720113 -0.341766
0.0656862 0.307428
0.0964343 0.44194
-0.0693788 -0.372544
0.052813 0.347773
-0.0472197 -0.294598
-0.0640361 -0.415206
0.0335132 0.366209
-0.0294046 -0.314062
-0.0395075 -0.419906
0.0137782 0.362111
0.0173427 0.417573
0.0129179 0.388491
0.0156465 0.402624
-0.0148202 -0.286369
-0.0140738 -0.464135
-0.00916481 0.404769
0.00970047 -0.349192
-0.0261748 0.351803
0.0162672 -0.335856
0.0149271 -0.393276
-0.0321381 0.373217
-0.0287125 0.351206
-0.0293681 0.465473
0.020827 -0.374756
-0.0350781 0.353434
0.0269113 -0.339716
0.0344701 -0.358727
0.0495765 -0.413189
0.0583667 -0.390251
0.0631871 -0.363546
0.0863934 -0.39816
0.088844 -0.366107
0.100414 -0.393486
-0.1076 0.3402
0.0850487 -0.310005
0.0994924 -0.39254
-0.102012 0.351395
-0.0877165 0.337205
-0.0985014 0.450306
0.0669291 -0.364642
-0.0772382 0.343822
0.0628028 -0.346371
0.0676094 -0.345665
-0.0836305 0.296492
-0.111717 0.424351
0.10875 -0.397061
-0.13716 0.400115
0.109273 -0.342621
0.129115 -0.367641
0.151129 -0.395069
-0.167696 0.372901
0.137209 -0.327645
0.166846 -0.376653
0.155884 -0.324416
0.18273 -0.364093
-0.175457 0.303284
0.139046 -0.277439
0.19681 -0.389889
-0.182552 0.321727
-0.186032 0.345262
-0.182021 0.362248
0.159063 -0.348607
-0.162555 0.322513
-0.172381 0.357519
0.132486 -0.29232
0.205428 -0.407542
-0.216152 0.356845
0.178893 -0.310604
0.201647 -0.323728
0.245639 -0.369542
-0.25301 0.335661
0.218827 -0.30974
-0.193496 0.246127
-0.243777 0.328647
0.174984 -0.253421
0.25536 -0.357959
-0.210991 0.258528
-0.267214 0.341647
-0.21549 0.273464
-0.246239 0.328679
0.219935 -0.299063
-0.241997 0.289455
-0.210045 0.254476
-0.27614 0.337151
0.222868 -0.281858
-0.226093 0.248036
-0.247263 0.268401
-0.286133 0.308671
0.207742 -0.237169
0.320138 -0.339442
-0.302244 0.271779
0.264066 -0.246866
-0.25638 0.212564
0.250404 -0.224369
0.288891 -0.249393
-0.255267 0.185547
-0.326712 0.244603
-0.281653 0.20906
-0.342781 0.261258
0.288681 -0.230016
-0.260724 0.18817
-0.305343 0.22899
0.236136 -0.182608
0.353493 -0.266025
-0.302433 0.195697
0.287974 -0.196273
0.313782 -0.208399
0.355132 -0.224158
-0.274712 0.154289
-0.362399 0.213669
0.308942 -0.189294
-0.265337 0.15259
-0.345065 0.213463
0.276837 -0.179422
0.361201 -0.227748
0.323157 -0.192919
0.365295 -0.213875
-0.336098 0.168478
-0.301 0.145698
-0.383852 0.185709
0.327242 -0.15682
-0.306723 0.125181
0.299503 -0.131116
0.376715 -0.168272
-0.340406 0.134904
0.342009 -0.145614
-0.308694 0.120438
-0.364599 0.152343
-0.340052 0.134192
-0.38366 0.154775
0.336812 -0.132287
-0.284831 0.100459
-0.388158 0.140548
0.324886 -0.106163
-0.273357 0.0751149
-0.409456 0.121766
0.373898 -0.100765
-0.369363 0.0840385
0.368118 -0.0869682
0.380276 -0.086853
0.391416 -0.0850895
0.369947 -0.0809291
0.438155 -0.0946197
-0.363163 0.0632998
0.31303 -0.0566939
0.439284 -0.0778984
-0.366657 0.0460984
0.350829 -0.0417513
-0.29028 0.0329516
-0.440965 0.0535501
0.403588 -0.0394502
-0.347831 0.0288884
0.321622 -0.0319521
0.421108 -0.0419063
0.395134 -0.0355765
0.411239 -0.0410259
-0.336381 0.0267001
-0.396874 0.0252314
-0.394777 0.0184747
0.34435 -0.00896363
0.441273 -0.0102384
-0.405476 -0.00822678
0.397364 0.0157186
0.385534 0.0191258
0.421361 0.0234445
-0.378614 -0.0293307
0.394682 0.0377496
-0.33375 -0.0286927
-0.421392 -0.0329478
0.385117 0.0467336
-0.330121 -0.0398812
-0.407208 -0.0490604
-0.368741 -0.0571258
-0.399234 -0.0661609
0.337838 0.0677633
0.41486 0.080083
-0.325986 -0.0681447
-0.411604 -0.0890156
0.36432 0.0951538
0.378908 0.101791
0.383741 0.105437
-0.280473 -0.0735298
-0.428694 -0.114915
0.359533 0.111161
-0.333584 -0.0972409
-0.320212 -0.0926064
-0.464181 -0.133824
0.393641 0.12488
-0.337445 -0.102525
0.346445 0.11321
-0.343413 -0.104184
-0.360015 -0.10641
0.335043 0.120222
0.360162 0.129354
0.377787 0.142378
0.378291 0.147881
0.383047 0.159621
0.307455 0.134665
0.43794 0.198893
-0.352087 -0.163461
0.320001 0.170854
-0.313408 -0.166322
0.315462 0.181083
0.346121 0.189335
-0.299167 -0.157098
-0.353517 -0.193184
-0.314596 -0.177116
-0.353202 -0.204371
0.288121 0.184375
0.334617 0.208152
-0.263124 -0.16083
-0.355819 -0.226135
0.299426 0.214731
-0.288094 -0.194637
-0.304557 -0.210276
-0.325183 -0.234782
-0.308089 -0.223011
-0.330113 -0.248287
-0.272061 -0.20678
-0.343082 -0.264853
0.265868 0.22775
-0.235311 -0.186454
-0.319003 -0.26379
-0.288292 -0.251471
-0.326681 -0.279302
0.319308 0.31012
-0.327472 -0.304498
0.276217 0.277091
-0.254029 -0.238163
0.259905 0.263644
-0.28441 -0.274116
0.245114 0.249424
0.306957 0.291298
-0.275003 -0.259283
0.236117 0.245443
-0.217581 -0.208546
-0.308947 -0.296118
0.252968 0.288203
-0.238734 -0.260805
-0.262419 -0.296815
-0.251531 -0.30558
0.209247 0.285174
0.22024 0.298554
-0.192963 -0.249859
-0.258982 -0.339395
0.214846 0.323867
-0.212706 -0.301956
-0.21833 -0.316016
-0.21541 -0.333764
-0.192942 -0.304743
-0.240464 -0.386162
0.183985 0.33538
-0.163452 -0.275024
-0.221361 -0.384581
-0.174192 -0.310698
-0.200151 -0.360916
0.159809 0.327407
-0.177034 -0.346808
0.156442 0.338685
0.160749 0.334043
0.168728 0.354544
-0.156112 -0.301757
-0.174976 -0.351677
0.129902 0.295415
0.166217 0.369892
0.144997 0.330793
0.172223 0.386836
-0.141282 -0.322815
-0.152344 -0.367878
-0.153849 -0.390789
0.114017 0.332168
0.12632 0.380076
-0.107811 -0.316329
-0.145987 -0.440072
0.109742 0.380994
0.0982292 0.353207
0.115882 0.406841
-0.122595 -0.431461
0.109353 0.430439
-0.101432 -0.382142
0.0810944 0.341879
-0.0943203 -0.386756
-0.0705621 -0.288274
-0.112486 -0.467922
0.0722222 0.353786
-0.0718531 -0.351775
0.0655455 0.367002
-0.066674 -0.344193
-0.0907318 -0.437612
0.0627718 0.428067
-0.0598004 -0.415824
0.0399891 0.356933
-0.043018 -0.347509
0.0327959 0.346714
0.0311793 0.345508
0.0313773 0.421739
0.0231724 0.383415
0.0167635 0.387507
0.0106833 0.376052
0.00793835 0.410743
-0.00331166 -0.333299
-0.00140202 -0.432091
-0.0159979 0.361146
0.0115896 -0.328885
0.00869789 -0.428681
-0.0205151 0.358119
-0.022704 0.382161
-0.0266359 0.399945
0.0222027 -0.337371
0.0261074 -0.420716
-0.0309571 0.330681
-0.0376555 0.417068
0.0376852 -0.343309
0.0441759 -0.441793
-0.0438792 0.358805
-0.0532478 0.394573
-0.0615502 0.393954
-0.0543073 0.339327
-0.0785792 0.449188
0.0733441 -0.366095
0.0795012 -0.37969
0.0978151 -0.467633
-0.0985594 0.431548
0.0979866 -0.387549
-0.0880874 0.329175
0.0996806 -0.345559
0.0980613 -0.352243
-0.0858542 0.286719
-0.120286 0.414526
0.129526 -0.397905
-0.124646 0.378024
-0.119508 0.347572
-0.138047 0.388753
0.150387 -0.379687
-0.146711 0.369972
-0.139007 0.340179
-0.158238 0.372917
0.156579 -0.339891
0.153984 -0.333209
0.181131 -0.382364
0.169501 -0.347737
0.207557 -0.411816
-0.186475 0.356646
-0.17821 0.316379
-0.208656 0.361427
0.222214 -0.350659
-0.220309 0.353926
0.202631 -0.313723
0.217601 -0.35271
0.205208 -0.349563
-0.171089 0.306394
-0.189037 0.342844
0.1918 -0.313841
-0.166114 0.283288
-0.213595 0.352883
0.207929 -0.298702
-0.167407 0.248009
-0.257794 0.374193
0.253185 -0.326544
-0.22646 0.304008
0.205378 -0.259095
-0.158377 0.219854
-0.270585 0.355948
0.237512 -0.281784
-0.223452 0.286265
0.26732 -0.315092
-0.251274 0.312031
-0.235283 0.277974
-0.277321 0.308825
0.304307 -0.296481
-0.293839 0.302461
-0.250188 0.238516
-0.300897 0.289817
0.314156 -0.273364
-0.320085 0.2852
0.291784 -0.245234
-0.231764 0.213083
-0.276182 0.256785
0.213406 -0.175922
0.329813 -0.305779
-0.270672 0.255108
0.288854 -0.254394
0.241022 -0.21482
0.325451 -0.299768
-0.267224 0.248023
0.300731 -0.244882
-0.302978 0.253015
-0.281981 0.212613
-0.325462 0.223087
0.285431 -0.165016
0.339311 -0.19478
0.340921 -0.192762
0.353193 -0.202818
-0.307417 0.177034
0.279563 -0.145586
0.363757 -0.206982
-0.307531 0.177846
0.283426 -0.147364
0.357721 -0.199695
-0.294032 0.171341
-0.348859 0.193949
0.278876 -0.133641
0.393284 -0.199123
-0.337897 0.172185
0.30186 -0.133264
-0.262996 0.131566
-0.384614 0.180944
0.327969 -0.128985
-0.315526 0.133843
-0.335224 0.135428
-0.421553 0.158801
0.350557 -0.111811
0.366459 -0.119394
0.373052 -0.124637
-0.349621 0.118394
0.320355 -0.0942228
0.412295 -0.133003
-0.420763 0.131171
0.398171 -0.106262
-0.344199 0.0988781
0.329554 -0.0767434
0.301616 -0.0731628
0.496472 -0.119454
-0.413544 0.0981954
0.364533 -0.0639822
-0.404332 0.0679709
0.434911 -0.0553706
-0.402816 0.056419
0.310709 -0.0312723
0.408734 -0.0458921
0.402671 -0.0451065
0.353166 -0.04325
0.360808 -0.0448657
0.460162 -0.0554675
-0.415059 0.0463166
0.346681 -0.0225355
0.375359 -0.0219553
0.453005 -0.0269415
-0.443445 0.0249595
0.3883 -0.00834918
-0.34064 0.00926939
0.306734 2.4572e-05
0.387323 -0.00693499
-0.342517 0.00525299
0.303508 0.000397831
0.433785 -0.00552298
-0.386086 0.0021531
-0.383405 -0.00422557
-0.417092 -0.00923929
0.378153 0.0223013
-0.384328 -0.0245647
-0.378393 -0.0296147
-0.398477 -0.036866
0.307007 0.0339365
0.402583 0.0391351
-0.342671 -0.0367809
-0.395742 -0.0468307
-0.43408 -0.0567599
0.360122 0.057204
0.376978 0.0613457
0.384054 0.0704364
0.340425 0.066344
0.432864 0.0920893
-0.363419 -0.0858297
-0.380391 -0.09952
-0.423521 -0.118724
0.372583 0.113144
-0.336605 -0.102627
-0.401988 -0.118119
0.296921 0.0922456
0.426677 0.124795
-0.362241 -0.112746
-0.380861 -0.11619
-0.4112 -0.128882
0.352356 0.115085
0.352403 0.120875
0.367292 0.132695
-0.30967 -0.123683
-0.389404 -0.156361
0.307282 0.128744
0.36558 0.156515
0.3605 0.162206
0.343036 0.158701
0.360238 0.172547
-0.300884 -0.157668
-0.367538 -0.193972
0.300317 0.16864
-0.277808 -0.166517
-0.390436 -0.221246
0.359129 0.208225
-0.35309 -0.217423
0.298218 0.173204
0.339271 0.195732
0.374353 0.220171
-0.353694 -0.226598
0.299293 0.183497
0.347366 0.214698
-0.274859 -0.192519
-0.375814 -0.258241
0.299163 0.206382
0.317288 0.22768
0.327527 0.249717
-0.283135 -0.234882
-0.317286 -0.256829
0.256029 0.202724
0.333092 0.273606
-0.291943 -0.267293
0.250929 0.221404
0.306549 0.273543
-0.241115 -0.241589
-0.318969 -0.302641
0.260196 0.241942
0.29075 0.27776
0.261197 0.261614
0.276158 0.294665
0.252572 0.284482
0.2628 0.309294
-0.220504 -0.293378
-0.233354 -0.30259
-0.260697 -0.32474
0.213973 0.243754
0.270754 0.307726
-0.214992 -0.274335
-0.261323 -0.316546
-0.244369 -0.29815
-0.267211 -0.326686
-0.231579 -0.291225
-0.254791 -0.329302
0.210838 0.27631
0.205084 0.287878
0.239085 0.375935
-0.178965 -0.327194
-0.188301 -0.344613
-0.212861 -0.372652
0.205289 0.336027
-0.172395 -0.310793
-0.213404 -0.367039
0.189669 0.305171
0.199729 0.334657
-0.151269 -0.296938
-0.207361 -0.375706
0.196806 0.34233
-0.175254 -0.354033
0.171776 0.313636
-0.128635 -0.265566
-0.208357 -0.41118
0.179244 0.345319
-0.137698 -0.318812
0.140036 0.2962
0.142414 0.326816
0.16091 0.424686
-0.108114 -0.361721
-0.111336 -0.376117
-0.118602 -0.368637
0.118709 0.323363
0.125534 0.358811
0.109338 0.34038
0.141311 0.455117
-0.10234 -0.417347
0.102628 0.358093
-0.0798092 -0.340909
0.103339 0.372129
0.0795693 0.296266
0.108925 0.439935
-0.0652978 -0.359982
0.0750347 0.363346
-0.0587951 -0.366185
-0.067364 -0.364951
0.071009 0.321197
0.0882745 0.422951
-0.0537236 -0.387867
0.0621029 0.344531
0.0648039 0.402661
0.0496688 0.386596
0.0417227 0.377393
-0.016095 -0.30907
-0.036039 -0.411793
0.0403587 0.370099
-0.0183581 -0.339098
-0.0306365 -0.393904
