-0.347325 -0.360565
-0.353659 -0.264886
-0.29629 -0.38593
-0.321394 0.347429
-0.363017 0.299386
-0.32416 0.306912
0.328131 -0.342841
-0.316009 0.326093
0.31894 -0.353161
-0.334828 -0.314991
0.435604 -0.333428
-0.434659 -0.267799
-0.336734 0.300604
0.343733 0.320136
0.323056 -0.285597
-0.38041 0.301134
-0.32254 -0.27759
0.370231 0.371626
-0.350941 0.303124
-0.262156 0.375566
-0.285487 -0.370416
0.289673 -0.291534
-0.370545 0.352917
-0.208329 0.335259
0.230908 0.393914
-0.294722 0.319595
0.368207 -0.342825
0.285689 0.343581
-0.225936 0.366127
0.364319 0.364977
0.301893 0.316352
0.355138 0.340102
0.338007 0.333854
0.334855 0.343901
0.331986 0.336419
0.337614 0.33946
0.321443 0.337762
0.350626 0.364241
0.300678 0.326912
-0.300627 0.293462
0.331269 -0.313058
0.338556 0.290307
-0.336628 -0.344905
0.346813 0.372888
-0.264628 0.330257
0.370926 -0.389262
0.228065 -0.358179
0.331643 -0.230302
-0.278437 0.314683
0.347511 -0.358053
-0.401454 -0.3234
-0.179311 -0.423532
0.29006 -0.33072
0.318066 0.28157
-0.38201 -0.32587
-0.306691 0.345134
-0.311791 -0.402812
-0.366727 -0.236803
-0.357867 0.25001
-0.298798 -0.276481
0.305467 0.312859
-0.358611 -0.382329
0.360924 -0.276981
0.294069 0.223471
-0.316817 -0.340445
0.268798 -0.314969
-0.32398 0.362539
0.399894 0.328444
0.220314 0.355606
-0.250272 0.381234
0.304228 0.328006
-0.351721 -0.383514
-0.316265 -0.260462
-0.369817 0.291867
-0.332711 -0.353876
-0.333821 -0.233864
0.31321 0.358627
0.327952 0.329648
0.335226 0.311853
0.28139 -0.355276
-0.23778 -0.319672
0.334405 0.342779
-0.41441 0.324981
-0.218621 0.389301
0.293113 0.343654
0.322332 -0.367438
-0.281527 -0.347804
0.371767 -0.274142
0.347947 0.260541
0.338856 -0.339558
-0.403774 0.371186
-0.31571 -0.399961
-0.308429 -0.23137
0.314848 0.34222
-0.379493 0.339129
-0.288438 -0.333762
0.284504 -0.36346
0.317189 0.35226
0.333881 0.23621
-0.312992 -0.3818
-0.330419 -0.248257
-0.361595 0.296117
0.344531 -0.362879
-0.317917 0.392577
0.277611 0.293099
-0.330721 -0.352577
0.416093 -0.295649
-0.368338 0.408192
-0.247751 0.370168
0.312255 0.318306
0.337398 -0.339315
-0.291861 -0.325011
0.392602 -0.348115
0.255255 -0.290842
-0.308795 0.303318
0.385114 -0.332488
0.279268 0.35593
-0.263553 0.319478
0.355826 -0.31851
0.352594 0.251521
0.323318 -0.306838
-0.389363 0.386975
-0.283776 0.211115
0.310986 -0.313316
0.367384 0.340127
0.314025 0.235659
-0.312077 -0.320082
0.36446 0.38599
0.263598 0.25629
-0.326844 -0.287583
-0.367977 0.343516
-0.311244 0.252215
0.341114 -0.333169
0.319709 0.335364
-0.274237 0.339305
0.318524 0.296993
-0.365953 -0.367502
-0.276112 -0.253383
-0.398827 0.308888
-0.307782 0.293014
-0.374207 -0.244695
-0.340821 0.29374
-0.303966 -0.409683
0.257877 -0.286398
-0.294473 0.370572
0.372379 0.298631
-0.344935 -0.422277
0.352115 -0.244319
-0.260817 0.343734
0.343914 -0.375308
-0.413027 -0.256231
0.364743 0.369314
0.328072 -0.301737
-0.263701 -0.3215
0.384823 -0.344277
0.284872 -0.336219
-0.321309 -0.30719
-0.351939 0.277328
-0.348874 -0.359786
-0.300198 0.334731
0.385973 -0.35447
0.299174 -0.223245
-0.287237 0.328706
0.326647 0.319424
-0.311976 0.344354
0.376632 0.317886
0.279564 -0.293736
-0.344237 0.262568
-0.34151 -0.301562
-0.341329 0.333211
0.347755 -0.415796
-0.295134 -0.261666
0.282886 0.346627
-0.4008 -0.39079
-0.256695 -0.32397
-0.350433 -0.28644
0.354264 0.373718
0.315286 0.261232
0.349058 -0.27096
-0.339733 0.382194
-0.31387 0.252301
-0.397332 -0.264448
-0.338281 0.337516
-0.303949 0.238657
0.286184 -0.337263
-0.329138 -0.363776
0.420101 -0.317039
0.214889 -0.345806
-0.31335 -0.388222
-0.266576 -0.328692
0.352483 0.352343
-0.36553 0.347938
-0.259405 0.2892
0.354182 -0.32066
0.350423 0.337975
0.282017 -0.427304
0.354252 -0.217949
0.370625 0.257526
-0.332476 -0.341521
0.324048 0.38059
-0.294063 0.301074
0.373178 -0.37236
0.22676 -0.326629
0.283601 0.384972
-0.281624 0.338296
0.360076 0.370023
0.26457 0.343316
0.343235 0.316472
-0.33662 0.342663
-0.32286 0.311215
-0.361046 -0.37847
-0.2736 -0.27859
0.323846 0.344518
-0.343292 0.34121
-0.324414 -0.29401
-0.325412 0.332686
-0.355253 -0.303171
-0.317561 0.427587
-0.353374 0.225419
-0.304217 0.34962
-0.349893 -0.348254
-0.335923 -0.270576
-0.314781 -0.356244
-0.34171 0.306101
-0.300336 -0.29881
0.365415 0.356789
0.293141 -0.41572
0.292753 0.442346
0.293337 0.32097
-0.311434 0.346316
-0.32327 -0.363306
-0.281312 0.413213
0.317629 0.355922
0.287192 0.365542
-0.271998 0.338936
0.295738 0.338354
-0.276991 0.387345
0.350377 0.317239
-0.385739 -0.378855
-0.334807 0.34842
-0.38182 0.21461
-0.336248 -0.302989
-0.32598 -0.328031
0.340497 -0.352123
0.326195 -0.338365
0.304744 -0.336006
-0.331339 -0.302795
0.319744 0.315706
-0.353631 -0.344226
-0.282987 0.400198
0.260541 0.299059
0.348839 -0.295784
-0.328523 -0.283943
-0.325309 0.264019
0.364029 -0.343958
0.274122 0.395372
-0.237858 0.332254
0.347149 -0.368529
0.260602 -0.341099
-0.230476 -0.316043
0.321991 0.351356
-0.390485 0.326109
-0.233328 0.361801
-0.306986 -0.38946
-0.342571 -0.30256
-0.285828 -0.361005
0.308591 -0.349818
-0.330926 -0.287127
0.30007 0.352839
-0.372462 0.344543
-0.209868 0.331859
0.320604 -0.294595
-0.409095 0.338952
-0.272949 0.287738
-0.359535 -0.296792
-0.380784 0.273665
-0.304294 -0.345776
0.309142 -0.325189
-0.396603 -0.298722
0.314973 0.362359
-0.287134 0.357552
0.336567 0.322035
-0.40454 -0.361632
-0.313458 0.294609
-0.313721 -0.360068
-0.322779 0.400568
0.274726 0.26152
-0.267819 -0.329567
0.342731 0.375492
0.299169 0.282063
0.382268 -0.304425
0.329405 0.268884
0.356565 -0.295278
0.325714 0.314186
-0.382358 -0.35879
-0.319185 0.434329
-0.328822 0.231048
0.341579 -0.348714
0.278067 0.357408
-0.23043 0.386953
0.29384 0.313859
-0.387044 -0.365673
-0.309806 0.363112
-0.281211 -0.352229
0.370991 0.297028
0.305086 -0.320766
-0.394263 0.346709
-0.253002 -0.437408
0.296289 -0.304316
0.378808 0.23808
0.338345 -0.326897
-0.36533 -0.290491
-0.338196 0.278192
0.3406 0.346321
0.313161 0.314355
0.302291 -0.296861
-0.339375 0.350416
0.383602 0.291803
0.309133 -0.263274
-0.303363 -0.371366
-0.261745 -0.335599
0.277579 -0.356624
-0.386298 -0.308839
-0.308028 0.330073
0.325412 0.322266
0.303345 -0.30522
-0.313496 -0.365543
-0.242046 -0.308899
0.325909 0.337054
-0.312945 0.299228
0.308251 -0.378095
-0.372248 -0.304606
0.415939 -0.302432
0.205583 -0.318703
-0.326366 0.311042
0.324101 0.386323
0.256093 0.290783
-0.339039 -0.318609
0.345725 0.372312
-0.333762 -0.390633
0.269671 -0.300749
-0.32611 0.365824
0.414312 0.324383
-0.44664 0.278112
-0.201534 0.372811
0.278018 0.346426
-0.364074 -0.370786
-0.336427 -0.320666
-0.296161 -0.362856
0.360907 -0.320567
0.220501 -0.363227
-0.249893 -0.353684
0.369124 0.362457
0.267795 0.303457
-0.326221 -0.303948
0.364505 0.299545
0.327617 -0.300785
0.359068 0.423938
0.333198 0.246042
0.319083 0.335544
0.34414 -0.296002
0.3255 0.370099
-0.315737 0.316324
-0.259136 0.393742
-0.373543 0.325796
-0.249535 0.289973
0.354437 -0.351212
0.261694 -0.247173
-0.296413 0.332772
0.303765 0.356232
-0.366929 0.292636
0.307546 -0.339891
-0.308731 0.36583
0.366482 0.334732
0.194549 0.383834
-0.17327 0.364833
0.330201 0.375652
0.279197 0.320066
0.290903 -0.387095
-0.282024 -0.361016
0.310878 -0.290532
-0.382772 0.338374
-0.279091 -0.364674
0.271855 -0.311018
0.303751 0.242459
-0.324613 -0.333523
0.35392 0.356654
-0.347292 -0.384847
0.330433 -0.341283
0.268994 -0.386266
0.396906 -0.227193
0.348706 0.248554
0.327923 -0.384805
0.303047 -0.27704
-0.337967 0.351973
-0.292662 0.370048
-0.348589 0.292216
-0.347973 -0.395734
-0.369427 -0.255154
-0.257818 -0.302666
0.35496 0.308789
0.289995 -0.355867
-0.413916 0.305136
-0.22425 -0.355329
0.318361 0.27808
-0.350164 -0.363204
0.385673 0.389929
-0.417321 -0.37436
-0.267247 -0.329123
0.257655 -0.34935
0.342871 0.352892
0.346422 -0.424378
0.302642 -0.253019
-0.34389 0.320129
0.347009 -0.384677
-0.305416 -0.323583
0.317362 -0.35153
-0.368497 -0.348158
0.46367 -0.292334
0.353972 0.312825
0.313145 0.242387
-0.326147 -0.373276
0.381153 -0.354056
0.26925 -0.316771
0.304258 0.278726
-0.354871 -0.341803
-0.262792 0.38102
0.368187 -0.349566
-0.30139 -0.317443
-0.365681 0.306291
-0.327391 0.297956
0.385788 -0.374441
0.25612 -0.341043
-0.264036 -0.354739
0.335612 -0.335532
-0.331805 -0.344287
0.387295 -0.347238
0.241467 -0.324801
-0.246639 -0.325562
0.360329 0.266604
0.348338 -0.284686
0.363671 0.365041
0.27546 -0.431617
-0.247904 -0.34824
0.383866 -0.312921
0.296352 0.348891
-0.217039 0.342734
0.375662 0.279796
0.289029 -0.254715
-0.306447 0.31392
0.361604 -0.353699
-0.418954 0.391762
-0.264959 0.27467
0.322338 -0.351769
-0.301895 -0.353582
0.37356 -0.263295
0.369737 0.244104
0.333625 -0.334199
-0.416604 0.385319
-0.245187 0.289701
0.274976 0.366043
-0.374048 0.340371
-0.259786 0.384519
-0.3295 0.303996
0.347726 0.343033
0.276073 0.341316
0.37418 0.282697
0.364327 -0.260347
0.361941 0.301118
0.325006 -0.371577
0.339522 -0.19687
-0.234736 0.36929
0.295899 0.281521
-0.352012 -0.335933
0.409744 -0.29327
-0.394761 -0.318844
0.32372 -0.292818
-0.378615 0.380012
-0.256875 -0.329156
0.402727 0.274488
0.290223 0.303999
-0.337829 0.353475
-0.318161 -0.361291
-0.282568 0.333118
0.321103 -0.285304
-0.37167 0.341556
-0.266739 -0.381674
0.354364 0.355211
-0.264709 0.309427
0.354063 -0.339171
0.34178 0.305719
0.347482 0.239673
-0.348033 -0.299196
-0.311256 0.24877
0.343509 -0.371546
0.338025 -0.204943
0.411287 0.223374
0.309477 -0.339077
-0.361344 0.315125
0.40252 -0.286983
0.301192 0.288914
-0.343023 -0.359368
0.424399 0.351341
0.244123 -0.357034
-0.327691 0.279316
0.372304 -0.359896
0.302863 0.454816
0.363366 0.245687
-0.372861 0.256526
-0.330327 -0.291382
0.334828 0.365533
-0.384529 -0.362491
-0.348728 -0.319265
-0.350473 -0.273671
0.332139 0.416852
-0.363384 0.234712
-0.394714 -0.217603
-0.333577 0.33315
0.367208 -0.336183
-0.346518 0.327583
0.361252 -0.377291
0.250286 -0.280257
-0.310275 -0.365776
-0.257613 0.384677
0.265709 0.370584
-0.35043 0.321116
-0.301061 -0.319786
0.395187 0.339841
0.3513 0.263153
0.339377 -0.323205
0.348258 -0.267399
0.38141 0.305851
0.299994 -0.351191
-0.309057 -0.323693
