5.52982e-05 -2.17537e-09
-5.67287e-05 3.35732e-08
1.77026e-05 -1.11165e-08
-1.86861e-05 6.10608e-09
5.90719e-05 -2.65153e-08
-6.55651e-06 -1.83662e-08
6.24359e-06 1.04819e-08
3.31476e-05 -9.43189e-09
-3.27379e-05 1.339e-08
-5.49853e-06 -5.53452e-08
6.04577e-05 -4.68172e-08
-6.07371e-05 9.31323e-10
2.18302e-05 5.44138e-08
-2.51979e-05 -5.2711e-08
6.85975e-05 4.29002e-08
-1.42381e-05 1.70834e-08
9.68575e-06 4.04258e-08
-4.92185e-05 5.73402e-09
5.51641e-05 4.02135e-08
-2.16663e-05 4.11106e-08
-3.36319e-05 1.09499e-08
3.73498e-05 3.27334e-09
-7.72104e-05 -3.57921e-09
7.35223e-05 2.0795e-08
-0.000111744 -7.05796e-09
6.45816e-05 5.56052e-09
-7.18758e-05 3.36463e-08
0.000112023 -1.33307e-08
-0.000105873 7.72724e-08
6.41495e-05 1.57526e-08
-0.000128314 1.24998e-08
0.00014285 -1.31709e-09
-0.000183839 -2.65221e-08
0.000172295 -4.41511e-08
-0.000128329 -3.65932e-08
0.000199512 -1.59649e-08
-0.000224158 -5.04101e-08
0.000266112 7.46975e-08
-0.000246231 -5.2606e-08
0.000198126 1.31846e-08
-0.000275597 1.08107e-08
0.000311211 -7.57019e-08
-0.000275046 -9.20274e-08
0.000240456 5.29577e-09
-0.000252351 -2.4534e-08
0.000220612 -2.4187e-08
-0.00026688 3.80838e-08
0.000308558 4.66049e-08
-0.00023865 -1.19543e-08
0.000119239 -2.38948e-08
-0.000164896 -3.52236e-08
0.000221152 -2.19591e-08
-0.000176683 1.65241e-08
-8.16584e-06 -4.14301e-08
0.000299603 -5.56052e-09
-0.000636093 9.17615e-10
0.000722636 1.63712e-08
-0.000776306 -1.31846e-08
0.00167346 1.8453e-08
-0.00471564 -1.4262e-08
0.0116001 4.99718e-08
-0.0231271 -5.98741e-09
0.0389228 2.11739e-08
-0.0584079 2.61158e-08
0.0104727 5.57264e-08
-0.37518 1.14087e-08
-0.300701 1.3737e-08
-0.137936 -4.56348e-08
-0.08323 4.14439e-08
-0.0264795 -3.60887e-08
0.410293 -5.58794e-08
0.234785 -6.28643e-08
0.242094 -1.5134e-08
-0.0614938 -5.68107e-08
0.0554252 4.51691e-08
-0.543052 8.3819e-09
0.397024 2.98023e-08
-0.160443 -1.95578e-08
-0.0790967 -8.61473e-09
0.0837547 3.72529e-09
-0.595928 -1.88593e-08
0.487226 -1.69099e-08
-0.292504 6.92169e-08
0.0911294 1.54673e-08
0.0405816 -9.55291e-09
-0.494024 1.53531e-08
0.272378 4.97619e-09
0.177882 -2.63829e-08
0.0606914 3.12723e-08
-0.0555296 -4.51417e-08
0.537269 5.46927e-09
-0.375937 1.4262e-08
0.126125 -3.81568e-08
0.0876612 2.42943e-08
0.0557993 -2.13474e-08
-0.539099 -4.71117e-08
0.382013 9.29266e-09
-0.134917 3.6527e-08
-0.0885496 4.1978e-09
-0.0140564 5.86185e-08
0.384055 1.40885e-08
0.282164 -2.74284e-08
0.16507 1.2267e-08
0.0632998 -5.50393e-08
-0.0168866 2.04435e-08
0.387047 3.69787e-09
0.279144 1.22807e-08
0.168061 1.76403e-08
0.0598683 5.90751e-09
-0.0127766 1.17876e-08
0.382413 -4.43749e-09
0.283786 1.06303e-08
0.163339 -4.04783e-08
0.0656929 -3.11355e-09
-0.0206065 3.10327e-08
0.39193 -1.2267e-08
0.274401 7.05346e-10
0.172668 -3.27334e-09
0.0507551 6.74935e-08
0.0125478 -1.95441e-08
0.321494 -2.56844e-08
0.414785 4.15899e-08
-0.17668 3.89879e-09
-0.0455027 2.92165e-10
-0.0237187 -1.83069e-08
-0.29541 5.90728e-08
-0.466264 2.95832e-08
0.260787 1.48624e-08
-0.0737702 -6.178e-08
0.0367783 3.5381e-08
-0.428276 -2.34611e-08
-0.204027 -3.46849e-08
-0.283869 -1.41708e-08
0.0935051 -2.18673e-09
-0.00482493 2.42144e-08
-0.335034 2.21782e-08
-0.392602 -3.31896e-09
0.146252 -2.59172e-08
0.0747317 1.61384e-08
0.038154 9.31323e-10
-0.431573 -2.18998e-08
-0.198559 4.90405e-08
-0.290094 -5.7573e-08
0.100281 1.01623e-08
-0.018906 8.67484e-11
-0.296213 2.15665e-08
-0.477234 -2.68417e-08
0.282363 2.52781e-08
-0.0768892 -1.1573e-09
-0.0711112 3.1213e-08
0.562678 -4.9214e-08
-0.415804 2.82455e-08
0.177628 2.64697e-08
0.0438212 9.28581e-09
0.0265947 -2.5027e-08
0.292715 -2.92164e-10
0.466295 -9.58738e-10
-0.258595 -3.64015e-08
0.0810379 -3.77916e-08
-0.0868969 3.59358e-08
0.600249 5.54343e-08
-0.49216 -1.31253e-08
0.297858 5.28913e-08
-0.0992019 6.62563e-08
-0.0234376 8.50057e-09
0.457358 -3.60476e-08
-0.204167 -3.27334e-09
-0.285957 -1.03906e-08
0.0861989 4.83283e-08
0.0453469 2.54105e-08
-0.506961 1.10024e-08
0.303327 1.89186e-08
0.132694 -1.45816e-08
0.0800455 1.30111e-08
0.0672541 -6.88446e-09
-0.558537 -3.17037e-08
0.412203 -3.32149e-08
-0.174187 -3.40571e-09
-0.0486467 1.66644e-10
-0.0202198 7.37754e-09
-0.296233 -2.81794e-08
-0.473111 3.27334e-09
0.27543 -5.0264e-08
-0.0792781 7.91487e-08
-0.030187 -8.58281e-10
0.415484 2.96562e-08
0.225821 2.21782e-08
0.253701 -3.08613e-09
-0.064263 8.99365e-09
0.017902 -4.0912e-08
-0.388906 -1.6079e-08
-0.275178 1.2146e-08
-0.173945 -3.18179e-08
-0.0591669 -7.21775e-09
0.0402812 1.00117e-08
-0.500647 -3.44589e-08
0.296517 1.90921e-08
0.139847 2.35159e-08
0.0706705 -2.6077e-08
0.0839241 2.65427e-08
-0.589893 -3.00352e-08
0.465777 4.37722e-08
-0.257994 -6.98492e-09
0.0802465 -4.74975e-08
-0.0854169 3.72529e-08
0.597365 -8.3819e-09
-0.487965 6.98492e-10
0.293017 -3.72529e-09
-0.0929809 -7.68341e-09
-0.0369552 7.3045e-09
0.490992 -4.62671e-08
-0.273441 -6.4188e-09
-0.174131 1.27988e-08
-0.0527956 -2.18998e-08
0.00193989 -3.97273e-08
-0.364065 -3.05871e-10
-0.312399 1.96308e-08
-0.125849 -3.21032e-08
-0.103593 -3.55089e-08
0.0232473 -1.92656e-08
0.296688 2.51731e-08
0.464175 -1.52869e-08
-0.258382 3.08067e-08
0.0712897 -1.07901e-08
-0.0324856 3.3507e-08
0.417627 -3.7924e-08
0.226038 4.64976e-09
0.251617 -2.32282e-08
-0.0694369 -4.48222e-08
0.0554357 -7.9208e-08
-0.519344 2.87112e-08
0.313588 3.54815e-08
0.124489 6.10473e-08
0.104788 -1.67364e-08
-0.025471 1.8453e-08
-0.289301 -2.32282e-08
-0.481143 -7.77016e-09
0.284075 -2.29635e-08
-0.0899963 -9.06669e-09
-0.0112971 -1.06303e-08
0.376903 1.76609e-08
0.297392 7.131e-09
0.141676 2.35821e-08
0.0809629 2.59172e-08
0.0282043 1.63667e-09
-0.418427 9.76518e-09
-0.210888 -2.28448e-08
-0.279402 -2.69946e-08
0.0731858 3.9262e-10
0.0800151 8.06232e-09
-0.586167 -7.57824e-10
0.465382 -1.57048e-09
-0.260106 -2.94827e-08
0.0718817 6.91873e-09
-0.0328532 -5.05105e-08
0.424439 -8.19952e-08
0.204127 2.7627e-08
0.28647 -3.30525e-09
-0.0824923 -3.219e-08
-0.0629775 -2.28699e-08
0.552863 5.09486e-09
-0.406792 1.32439e-08
0.168934 -7.38118e-08
0.0603246 3.2715e-08
-0.0136988 -2.87568e-08
0.377993 2.36802e-08
0.301223 2.16715e-08
0.134892 9.31323e-10
0.076109 -2.46115e-08
0.0770961 2.1046e-08
-0.580733 2.18268e-08
0.454853 2.76201e-08
-0.246421 2.98891e-08
0.0665899 3.7399e-08
-0.0625743 -1.93911e-08
0.55248 3.92479e-08
-0.407367 -1.14018e-08
0.170936 -5.2606e-08
0.0629703 1.46084e-10
-0.0454732 -3.88097e-08
0.506922 3.76455e-08
-0.302735 -1.89006e-09
-0.133418 1.98131e-09
-0.0802956 -2.82318e-08
-0.0656576 -2.70358e-08
0.55738 4.55549e-08
-0.414396 -6.12664e-09
0.178824 -1.31709e-09
0.0545222 1.81814e-08
-0.0305001 2.29042e-08
0.47044 -2.91426e-08
-0.227362 2.50133e-08
-0.252733 -5.7066e-09
0.0587516 1.91706e-10
0.00144918 5.17021e-08
0.341693 2.00873e-09
0.380172 -4.13434e-08
-0.130497 2.11557e-08
-0.0827183 2.71819e-08
-0.0621939 3.50981e-08
0.547411 2.38948e-08
-0.391668 2.79671e-08
0.14527 -6.61971e-09
0.0758571 -5.54917e-09
0.0358949 -1.19543e-08
-0.426998 3.19845e-08
-0.205126 -2.59104e-08
-0.282943 1.52938e-08
0.0895671 -1.32782e-08
0.0116607 -2.28037e-08
-0.381949 1.30659e-08
-0.280943 8.3682e-09
-0.168733 -1.24998e-08
-0.0699359 -3.87137e-09
0.0674615 7.0607e-08
-0.55813 -5.89655e-08
0.411283 -9.6328e-09
-0.173073 1.46317e-09
-0.051346 2.11739e-08
-0.0107232 1.12146e-08
-0.322429 -3.36805e-08
-0.417827 1.14087e-08
0.182463 -1.60653e-08
0.0500853 -1.58325e-08
-0.0234058 2.65427e-08
0.45792 2.35159e-08
-0.206666 -2.6077e-08
-0.281571 2.65427e-08
0.0865724 -1.5134e-08
0.0175443 2.79397e-09
-0.388879 6.00703e-08
-0.277245 1.58325e-08
-0.16999 1.49012e-08
-0.052981 2.51457e-08
-0.0139985 -8.61473e-09
-0.308385 3.72529e-09
-0.450769 -1.88593e-08
0.244199 -1.31846e-08
-0.0541582 -2.95033e-08
0.00448712 -6.88446e-09
-0.366387 5.00517e-08
-0.312965 -3.27334e-09
-0.123068 -1.36503e-08
-0.0967766 2.57712e-08
-0.0264331 2.40135e-09
0.46743 2.75014e-08
-0.229505 -6.1586e-08
-0.247433 2.91632e-08
0.067962 -8.35449e-09
-0.0641885 -2.78598e-08
0.553123 -2.13474e-08
-0.40546 2.73941e-08
0.167069 9.29266e-09
0.0617427 -1.56271e-08
-0.0191317 1.16484e-08
0.401266 1.01897e-08
0.241748 2.89897e-08
0.237078 1.72751e-08
-0.0413694 5.69705e-08
-0.0296475 -3.64128e-08
-0.282984 1.29929e-08
-0.490531 2.60496e-08
0.295797 1.22807e-08
-0.0984488 4.74426e-08
-0.0236632 -5.26836e-09
0.463464 4.33703e-09
-0.225079 1.04637e-08
-0.252205 1.80809e-08
0.0754637 -1.06759e-08
-0.0803438 9.92497e-09
0.585496 -2.8572e-08
-0.460714 -1.04043e-08
0.252771 -3.65476e-08
-0.075007 3.02543e-08
0.0793978 1.90647e-08
-0.588766 1.02583e-08
0.475309 4.11791e-09
-0.277787 -4.03665e-08
0.0823673 5.76143e-09
0.025463 4.49956e-08
-0.40893 -3.40571e-09
-0.233239 -3.03342e-08
-0.245962 -1.88456e-08
0.0512988 -1.49399e-08
0.0167109 1.27258e-08
0.300835 -6.47177e-08
0.467564 3.97592e-08
-0.269583 -2.67824e-08
0.0725417 -6.68543e-08
0.0405231 7.15703e-08
-0.433634 2.42144e-08
-0.197242 1.10482e-09
-0.291233 1.77545e-08
0.102019 -2.06489e-08
-0.0200881 1.087e-08
-0.300438 9.31323e-10
-0.461543 -3.77049e-08
0.256198 3.85038e-08
-0.0628641 4.77941e-08
0.00372528 -8.46681e-08
-0.347732 1.06235e-08
-0.374007 -1.56864e-08
0.124161 -4.17429e-08
0.0907874 2.92634e-09
0.0505144 -1.60585e-08
-0.532113 -5.07434e-08
0.375247 4.0193e-08
-0.128259 -1.64579e-08
-0.102013 -2.56844e-08
0.0224709 1.67364e-08
0.298664 1.04999e-09
0.458179 -1.51933e-08
-0.249734 2.88436e-08
0.0727433 -2.15003e-08
-0.0765126 2.92636e-08
0.579591 -2.36688e-08
-0.452882 -6.3775e-08
0.244151 1.29518e-08
-0.0647209 -2.90651e-08
0.059878 -4.52424e-09
-0.544463 1.96764e-08
0.388125 1.61064e-08
-0.14148 3.39796e-08
-0.0799098 4.51053e-09
-0.0300492 -2.61775e-08
0.416087 2.54105e-08
0.224847 -3.37011e-08
0.254939 6.36221e-08
-0.0669948 -7.131e-09
0.0264842 5.39893e-08
-0.410899 -1.4335e-08
-0.230904 -1.68026e-08
-0.248675 4.03802e-09
0.0566131 4.04487e-09
0.00264522 4.30075e-08
0.333354 -1.49742e-08
0.40581 3.88759e-08
-0.169891 2.18998e-08
-0.070632 -2.4187e-08
0.0739967 -4.37859e-08
-0.576617 -1.01715e-08
0.449525 -1.50472e-08
-0.240607 -7.62408e-09
0.0608064 -1.05367e-08
-0.054834 -1.33581e-08
0.537152 3.63878e-08
-0.377667 -1.6079e-08
0.12865 5.49868e-08
0.0895361 -2.43673e-08
0.0411562 2.20755e-08
-0.500879 -2.29361e-08
0.295524 -3.1318e-08
0.141187 3.41119e-08
0.0704451 9.23098e-09
0.0839221 -3.44977e-08
-0.595767 1.52732e-08
0.486256 4.97572e-08
-0.291348 -4.48084e-08
0.0914329 3.5655e-09
0.0383349 2.1966e-08
-0.492414 3.19571e-08
0.275303 2.47325e-08
0.171924 -4.90793e-08
0.0523635 1.23994e-08
0.00991061 -1.25591e-08
0.322952 1.4593e-08
0.417416 3.10121e-08
-0.182081 3.51369e-08
-0.0501717 -3.63216e-08
0.0226777 2.13308e-08
-0.455431 1.84667e-08
0.201405 -9.31323e-09
0.289068 2.49197e-08
-0.0910436 2.53055e-08
-0.0329669 3.88508e-09
0.475611 -1.55232e-08
-0.239344 1.14018e-08
-0.237075 4.53677e-09
0.0576526 -1.38328e-09
-0.051728 3.33404e-08
0.532615 9.92497e-09
-0.370782 3.86521e-08
0.120781 -2.38948e-08
0.093817 2.66159e-09
0.0472831 -1.39424e-08
-0.527424 5.47745e-08
0.3685 3.45913e-08
-0.120784 -2.31096e-08
-0.108187 3.08272e-08
0.0290728 -5.97096e-08
0.283935 1.04318e-08
0.490162 1.83343e-08
-0.295487 -8.96623e-09
0.0952286 2.82318e-08
0.03444 3.43266e-08
-0.486358 -5.20605e-08
0.264834 6.51926e-09
0.185405 -9.03702e-09
0.0466022 8.113e-08
-0.0188289 -3.43653e-08
0.452185 1.33855e-08
-0.200263 4.35091e-08
-0.288333 1.28787e-08
0.0950657 3.69787e-09
0.0040079 -3.4719e-09
-0.36689 -1.31983e-08
-0.30893 3.3208e-08
-0.129685 5.27864e-09
-0.0984756 3.68534e-08
0.0124845 -5.46022e-08
0.321491 -1.81471e-08
0.414772 8.33397e-08
-0.176739 1.28924e-08
-0.0454832 -6.62403e-08
-0.023577 -3.53903e-08
-0.295732 -3.44589e-08
-0.465934 3.72529e-09
0.260529 -9.31323e-10
-0.0733887 -2.32831e-08
0.0361155 -5.16884e-08
-0.427566 -1.58325e-08
-0.204531 3.63216e-08
-0.283461 4.19095e-08
0.0926963 3.07336e-08
-0.0039392 1.76951e-08
-0.333191 -4.74975e-08
-0.401797 8.3819e-09
0.163265 -3.35276e-08
0.0664521 -1.95578e-08
-0.0260232 2.4036e-09
0.41064 -6.31427e-08
0.23104 -3.69995e-08
0.24837 3.44589e-08
-0.0583277 6.38852e-08
0.0103763 -2.2192e-08
-0.378878 3.35276e-08
-0.288069 1.23332e-08
-0.158849 4.2681e-08
-0.0719891 -3.27561e-08
0.0339558 -1.00779e-09
-0.420542 -1.83868e-08
-0.222349 -1.99036e-08
-0.255346 3.86362e-08
0.0769595 5.88605e-08
-0.0811453 3.80381e-08
0.592739 4.36557e-08
-0.483679 2.57026e-08
0.288731 4.20466e-09
-0.086852 -7.131e-09
-0.0463035 -2.06078e-08
0.50183 -1.38328e-09
-0.281757 -1.69373e-08
-0.167742 -9.51179e-09
-0.0731328 -3.33678e-08
0.0774829 -6.12527e-08
-0.581537 4.68583e-08
0.455563 3.00945e-08
-0.247077 1.83343e-08
0.0690389 -3.05464e-08
-0.0708007 -1.29997e-08
0.572384 -2.94553e-08
-0.445952 -3.76867e-09
0.237278 -4.15488e-08
-0.0514046 1.01509e-08
0.0248603 7.41588e-08
-0.464217 -3.93181e-08
0.224387 -3.89558e-08
0.25324 -2.60496e-08
-0.0742894 3.4719e-09
0.0769203 -6.96894e-08
-0.586793 4.96797e-08
0.477089 1.3115e-08
-0.282097 3.8118e-08
0.0752137 -4.5515e-08
0.078441 2.55977e-08
-0.582906 3.27334e-09
0.457646 2.47439e-09
-0.249454 -5.54456e-09
0.0709351 -1.86265e-09
-0.0726764 -3.1318e-08
0.57637 -2.54927e-08
-0.454225 1.2509e-09
0.248364 1.90122e-08
-0.0546681 6.91873e-09
-0.00702563 -1.07513e-08
-0.329175 -9.73776e-09
-0.405963 -2.98117e-09
0.167536 -5.20217e-09
0.0594516 -3.38198e-08
-0.0108931 1.85603e-08
0.380765 4.39433e-08
0.282312 4.83739e-08
0.167152 3.24592e-09
0.0731136 -9.34404e-08
-0.0763013 3.19434e-08
0.579695 2.02357e-08
-0.454171 8.28877e-08
0.245888 2.41248e-08
-0.0627687 -8.21162e-08
0.0453829 2.6077e-08
-0.502143 2.30571e-08
0.286399 4.8164e-09
0.160397 -3.70931e-08
0.069505 1.61418e-08
-0.0298922 -1.46752e-08
0.415913 -3.83041e-08
0.224617 4.89081e-08
0.255129 3.52031e-08
-0.0663978 -8.97265e-08
0.0247328 2.09323e-09
-0.408914 -3.94351e-08
-0.232087 1.59649e-08
-0.247494 -6.54667e-09
0.0521312 1.50747e-08
0.0152008 -6.2531e-08
0.308801 2.21782e-08
0.446584 1.76015e-08
-0.237645 5.69289e-09
0.0535929 4.73102e-08
-0.0289404 7.66606e-08
0.464232 2.20047e-08
-0.210692 1.27464e-08
-0.279516 4.76298e-08
0.0729508 -9.36033e-11
0.0815882 2.14204e-08
-0.591392 -1.08997e-08
0.477439 4.57398e-08
-0.279552 -1.38762e-08
0.0882992 -3.87686e-08
0.00308344 -6.45243e-08
-0.346447 2.77799e-08
-0.378966 6.33025e-08
0.131843 -1.83731e-08
0.0960242 -2.06489e-08
-0.0124467 3.6002e-08
-0.310343 -5.06007e-08
-0.449882 -2.08886e-08
0.243843 3.94614e-08
-0.0481296 1.16552e-08
-0.0206331 1.44218e-08
-0.300782 -6.72013e-08
-0.456974 7.15954e-08
0.248927 -2.04891e-08
-0.0667299 -2.51457e-08
0.0522813 -1.49012e-08
-0.515018 -4.19095e-08
0.307921 -6.51926e-09
0.130656 -1.25729e-08
0.0988438 5.4948e-08
-0.0179655 2.79397e-09
-0.304192 -1.02445e-08
-0.45248 1.02445e-08
0.243885 3.25963e-08
-0.0637937 2.79397e-09
0.0588233 2.32831e-08
-0.546562 3.35276e-08
0.398259 -9.31323e-10
-0.159421 4.26624e-09
-0.0712377 -9.12602e-09
0.0336546 -1.65104e-08
-0.424059 1.95578e-08
-0.209302 5.55247e-10
-0.278243 3.74127e-08
0.0877966 -1.86265e-08
0.00237338 1.23332e-08
-0.346286 -3.18248e-08
-0.375726 -1.59789e-10
0.126144 -4.1986e-08
0.0909143 2.35227e-08
0.0396924 -9.65905e-09
-0.492567 1.38328e-09
0.271403 -2.86838e-08
0.178691 -2.71544e-08
0.0546423 1.94414e-08
-0.0298682 -2.94279e-08
0.46603 2.9323e-08
-0.21372 4.25213e-08
-0.276084 6.63792e-09
0.0707068 -3.4007e-08
0.0828566 -2.62047e-09
-0.594963 -2.02905e-08
0.487059 -2.06489e-08
-0.29279 2.95877e-08
0.0883188 2.57849e-08
0.0552246 -3.19571e-08
-0.53667 3.00945e-08
0.375652 2.30959e-08
-0.12606 -5.40555e-08
-0.0909048 4.24938e-08
-0.0396209 2.97589e-08
0.492321 -4.06175e-08
-0.271016 -4.75022e-09
-0.179056 -1.52482e-08
-0.0541348 6.2196e-08
0.0287306 -2.03293e-08
-0.464418 -2.79123e-08
0.213534 2.3961e-08
0.274371 2.95376e-09
-0.0768006 -2.11008e-08
-0.0351118 -3.64882e-09
0.42109 -2.52119e-08
0.223318 2.34029e-08
0.254012 -2.09685e-08
-0.0775065 2.00371e-08
0.0829335 -4.68857e-08
-0.588784 1.68072e-08
0.464263 1.92108e-08
-0.256358 1.08289e-08
0.0794377 -8.03491e-09
-0.0858981 -8.55994e-08
0.597931 1.02833e-08
-0.485658 -3.16603e-09
0.288527 -2.92681e-08
-0.0995593 1.31435e-08
0.0181133 -1.70286e-09
0.302345 2.46002e-08
0.458736 1.08837e-08
-0.252983 -4.24343e-09
0.0639813 6.23845e-09
-0.0217202 -8.67407e-09
0.404991 3.24592e-09
0.236454 7.14246e-09
0.242947 -3.41805e-08
-0.0466731 7.98403e-08
-0.023089 6.79865e-08
-0.297715 2.70438e-09
-0.459632 4.8269e-08
0.251316 2.42144e-08
-0.0738795 -8.60788e-09
0.0774081 -4.92003e-08
-0.581373 -1.10161e-08
0.456675 -2.29738e-08
-0.248823 2.6303e-08
0.0656044 2.31632e-08
-0.0495431 -5.72626e-08
0.512208 2.21645e-08
-0.308271 3.22767e-08
-0.127961 3.86521e-08
-0.0899776 1.33581e-08
-0.0399195 -2.34154e-08
0.494717 -3.25689e-08
-0.278542 -1.22807e-08
-0.168476 -2.50133e-08
-0.055268 2.15939e-08
-0.00697547 -4.36786e-08
-0.328586 7.34562e-09
-0.406439 -4.91729e-08
0.167936 -1.89186e-08
0.0557759 -3.87686e-08
0.00658414 -9.02106e-09
0.328906 1.57001e-08
0.40623 -1.48076e-08
-0.167785 2.14204e-08
-0.0550383 -1.64876e-08
-0.0115387 5.13277e-08
-0.313004 2.1514e-08
-0.442567 -1.51565e-09
0.233552 -1.19441e-09
-0.0480731 -9.14294e-08
0.020874 3.69787e-09
-0.455001 -3.4719e-09
0.203707 -2.06489e-08
0.284482 3.13454e-08
-0.0905715 3.5081e-08
-0.0112332 -4.2309e-08
0.380982 6.46071e-08
0.283708 -4.79494e-08
0.165148 5.35373e-08
0.0694142 -5.73402e-09
-0.0542277 5.2969e-08
0.518954 -2.04891e-08
-0.317127 5.86733e-08
-0.118346 6.33299e-08
-0.100462 -9.31323e-10
-0.0222543 -1.58325e-08
0.455528 4.14439e-08
-0.201318 -1.58325e-08
-0.289001 3.63216e-08
0.0883465 -1.76951e-08
0.0438061 -3.63216e-08
-0.50294 -5.68107e-08
0.293874 -6.51926e-09
0.14534 8.3819e-09
0.077021 -3.35276e-08
0.0332417 4.00469e-08
-0.425205 9.85418e-09
-0.202577 -3.53808e-09
-0.288199 1.88798e-08
0.0834859 -2.51457e-08
0.0624123 -2.55218e-08
-0.551096 2.25115e-08
0.402199 -4.09782e-08
-0.163246 1.23332e-08
-0.0613222 2.03293e-08
0.00272246 2.49859e-08
-0.347106 -1.00779e-09
-0.374943 -2.30434e-08
0.125393 -1.99036e-08
0.0933952 8.83386e-09
0.0314147 -4.54476e-08
-0.472379 1.19611e-08
0.231474 -1.59489e-08
0.247703 6.29555e-08
-0.0578763 7.92995e-09
0.00949937 -1.83069e-08
-0.374597 -2.06078e-08
-0.30041 -1.38328e-09
-0.138431 -2.03614e-09
-0.0841641 -8.40176e-08
-0.0236962 3.88508e-09
0.408455 -1.65492e-08
0.231847 -5.29577e-09
0.248062 -2.95102e-08
-0.0534901 -4.01745e-09
-0.00855017 1.04318e-08
-0.331976 2.42532e-08
-0.391914 4.50505e-08
0.143114 -2.61204e-08
0.0673972 -4.71367e-08
0.088915 2.50521e-08
-0.601162 2.94553e-08
0.488721 -5.0494e-08
-0.291478 2.06489e-08
0.103237 -2.23243e-08
-0.0227375 -2.53393e-10
-0.298207 -5.47882e-08
-0.460201 3.47785e-08
0.252314 2.05656e-08
-0.069873 -6.58545e-09
0.0557263 3.27161e-08
-0.520041 -3.02817e-08
0.314999 -7.90253e-09
0.122826 -1.98774e-08
0.105711 -2.76205e-10
-0.0259028 -1.86265e-09
-0.287512 1.08289e-08
-0.486683 -6.76396e-08
0.291873 1.17876e-08
-0.0904365 1.6378e-08
-0.0414602 2.00896e-08
0.494987 -5.81665e-08
-0.273358 3.76774e-08
-0.176805 -3.98597e-08
-0.0618975 -7.83635e-09
0.0569792 -1.27464e-08
-0.539044 3.17312e-08
0.377785 -2.71795e-08
-0.127944 -1.48463e-08
-0.0854998 -1.25591e-08
-0.0586593 -4.87369e-08
0.542852 4.00375e-09
-0.386265 -6.17207e-08
0.139428 -6.61239e-08
0.0823239 -3.54798e-08
0.0266485 6.68954e-08
-0.410915 -1.11759e-08
-0.231444 -6.74523e-09
-0.247696 -1.75353e-08
0.0581359 1.50609e-08
-0.00982648 8.6912e-09
0.373387 -7.2246e-09
0.304672 -2.34029e-08
0.131951 -3.30482e-08
0.0857547 -9.50043e-09
0.0461861 5.92851e-08
-0.507776 -9.08265e-09
0.303806 4.99718e-08
0.132293 1.59649e-08
0.0815085 2.32556e-08
0.0639485 -1.47277e-08
-0.554766 1.94254e-08
0.411051 1.8453e-08
-0.17523 6.42565e-09
-0.0592717 5.7847e-08
0.040753 -1.22944e-08
-0.494257 -3.50981e-08
0.274038 1.45542e-08
0.175688 -3.56824e-08
0.0574564 5.50804e-08
-0.034163 -2.98959e-08
0.476802 6.51926e-09
-0.23685 2.76206e-10
-0.242205 -1.38649e-08
0.0482076 -1.38762e-08
0.0193422 -3.87686e-08
0.296668 4.72344e-08
0.475874 4.2681e-08
-0.280607 -7.08079e-08
0.0739689 -3.4719e-09
0.0806052 2.40546e-08
-0.590324 -2.36026e-08
0.475989 -4.31501e-08
-0.277972 8.24882e-08
0.0872936 -5.92588e-08
0.00312409 -3.30482e-08
-0.34698 -7.92995e-09
-0.375575 -3.87137e-09
0.12623 6.41334e-08
0.0917012 7.70397e-09
0.0378362 -2.56707e-08
-0.491595 -2.78986e-08
0.27445 1.9471e-08
0.172826 -1.86265e-08
0.0503094 2.01421e-08
0.0165554 -1.04318e-08
0.30513 5.10492e-08
0.455457 2.79397e-09
-0.24967 5.77146e-08
0.0564733 -2.02882e-08
0.00451843 1.66451e-08
0.331842 3.08613e-09
0.403825 -2.60359e-08
-0.165574 1.93843e-08
-0.0630849 -5.16222e-09
0.0173232 -6.63225e-08
-0.387953 -2.57712e-08
-0.278594 -1.93181e-08
-0.168424 7.02943e-08
-0.056154 4.5475e-08
-0.0044933 1.85603e-08
-0.332262 1.16746e-08
-0.403005 -1.24736e-08
0.164604 -2.73279e-08
0.0650821 -3.66275e-08
-0.024114 -7.75645e-09
0.407126 5.43511e-08
0.23763 -4.39981e-08
0.239439 -1.11622e-08
-0.0534938 -1.92882e-10
0.0275534 -1.74486e-08
-0.468976 -5.84133e-09
0.231552 1.79554e-08
0.245173 -7.8524e-10
-0.0657192 2.0868e-08
0.0609536 -9.12602e-09
-0.545771 3.95675e-08
0.38967 -1.55129e-08
-0.143006 7.19954e-09
-0.0784089 -7.62633e-09
-0.0318009 2.98685e-08
0.41854 2.32694e-08
0.221629 2.18587e-08
0.258424 -2.01033e-08
-0.0705835 2.279e-08
0.0317549 1.05504e-08
-0.42166 4.46498e-08
-0.210789 -2.44404e-08
-0.277132 -2.11145e-08
0.0811418 4.40118e-08
0.0280894 -5.3704e-08
-0.413294 4.02067e-08
-0.227922 -3.10145e-08
-0.251602 -2.8984e-08
0.0618589 3.29627e-08
-0.0151455 -8.06232e-09
0.386298 -1.78549e-08
0.277145 7.11729e-09
0.172283 -2.57712e-08
0.0616013 -2.20983e-08
-0.0427793 5.55461e-08
0.498703 5.35042e-08
-0.283555 -3.56231e-08
-0.16294 8.3819e-09
-0.0612809 1.83936e-08
0.00167352 -2.65427e-08
-0.344831 -5.3551e-09
-0.377619 -5.40167e-08
0.128117 -4.19095e-08
0.0865145 6.23986e-08
0.0567803 2.00234e-08
-0.544682 1.02445e-08
0.399252 1.21072e-08
-0.162749 -2.7474e-08
-0.0773642 -5.16884e-08
0.0824745 0
-0.593288 -2.09548e-08
0.481265 -2.32831e-09
-0.284252 -2.60371e-08
0.0898382 2.72069e-08
0.0113774 -3.66275e-08
-0.375297 1.83868e-08
-0.302508 1.77157e-08
-0.134135 -1.19474e-08
-0.0833552 -3.65911e-09
-0.0493663 -4.22405e-09
0.512131 -3.78178e-08
-0.309221 -8.06232e-09
-0.126507 1.75353e-08
-0.0878578 -4.43976e-08
-0.0546407 8.68777e-09
0.537398 5.70367e-08
-0.380955 5.57423e-09
0.134232 8.57479e-09
0.0934908 -6.12482e-08
-0.00604598 -5.45349e-08
-0.330327 -2.86656e-08
-0.404095 -1.1322e-08
0.165245 -7.01684e-09
0.0590662 -3.89283e-08
0.000735343 4.33476e-08
0.341006 -4.53152e-08
0.384762 4.4078e-08
-0.137755 2.65404e-08
-0.08367 -3.32742e-08
-0.0251924 -3.261e-08
0.407493 2.24978e-08
0.238695 -6.78929e-08
0.237919 -1.3559e-08
-0.0536896 -8.62523e-08
0.0289557 -2.55577e-08
-0.464722 7.67656e-09
0.211818 5.28206e-09
0.278126 1.46615e-08
-0.0722273 -2.03362e-08
-0.081619 4.49682e-09
0.592862 -3.23155e-08
-0.482813 2.15334e-08
0.287653 1.36035e-08
-0.0871307 2.47439e-09
-0.0450222 -2.63829e-08
0.504538 -1.82932e-08
-0.296009 1.86116e-08
-0.143155 1.27851e-08
-0.0787329 1.15092e-08
-0.0319305 1.44823e-08
0.423314 -1.43625e-08
0.206226 -1.94642e-08
0.283896 2.8533e-09
-0.0832027 1.52936e-09
-0.0499479 -7.7916e-08
0.512242 3.59746e-08
-0.3077 -1.27464e-08
-0.128725 2.30959e-08
-0.0894664 -4.19095e-09
-0.0411375 -3.48796e-09
0.500922 -2.47713e-08
-0.29573 -1.41159e-08
-0.14098 7.91624e-09
-0.0704096 -3.08613e-09
-0.0843578 2.13793e-08
0.595586 4.663e-08
-0.483752 2.46401e-08
0.286772 -1.6031e-08
-0.0928724 -2.01832e-08
-0.00702511 3.03365e-09
0.370089 -3.02885e-08
0.306486 -1.41296e-08
0.131994 -6.61862e-11
0.0941933 1.53999e-08
-0.00514865 -2.73747e-08
-0.329342 3.22767e-08
-0.411211 6.25452e-10
0.175872 -7.75645e-09
0.062959 6.44622e-09
-0.0582001 2.81794e-08
0.540191 3.16787e-08
-0.378603 5.39505e-09
0.128641 2.81588e-08
0.0842751 -3.4719e-09
0.060492 1.23126e-08
-0.543689 3.15189e-08
0.383641 -2.5059e-08
-0.134201 1.67544e-09
-0.0792915 -2.9323e-08
-0.0667206 4.34526e-08
0.557426 4.96111e-08
-0.411744 1.98499e-08
0.174047 2.41482e-08
0.0545335 9.32693e-09
-0.00623113 -4.16354e-09
0.368277 -8.97927e-08
0.312378 2.35572e-09
0.123186 -5.89381e-09
0.0907355 1.85728e-08
0.0518751 6.29328e-09
-0.533524 -2.29772e-08
0.374951 -1.83868e-08
-0.127375 -1.45884e-08
-0.0964972 -6.35947e-09
-0.00287513 4.5354e-08
0.363607 2.31701e-08
0.316947 3.16035e-09
0.118651 1.05641e-08
0.101202 3.09984e-09
0.0198348 -4.9899e-09
-0.453165 -6.21339e-09
0.202059 -2.20983e-08
0.286078 4.06449e-08
-0.0969824 -1.16883e-08
0.0143274 2.39816e-08
0.309487 1.39698e-08
0.446839 3.49246e-09
-0.238079 1.81608e-08
0.0521101 1.14087e-08
-0.0247009 5.02914e-08
0.459967 4.37722e-08
-0.210818 -3.81842e-08
-0.276567 -1.72295e-08
0.0866041 3.63216e-08
0.00298119 7.17118e-08
-0.34722 9.77889e-09
-0.373568 -2.7474e-08
0.12345 3.35276e-08
0.0896994 -6.0536e-09
0.054146 5.12227e-09
-0.535617 -1.11359e-08
0.374107 3.92385e-09
-0.12415 -1.98636e-08
-0.0901573 -5.33251e-08
-0.0518309 2.70289e-08
0.533469 -2.63418e-09
-0.375728 2.05553e-08
0.128507 1.81277e-08
0.0997458 -3.40926e-08
-0.0172053 1.05641e-08
-0.304222 -5.55735e-08
-0.456878 4.03527e-08
0.251119 1.89323e-08
-0.0572509 -2.56799e-09
-0.00451976 -1.87635e-09
-0.332231 -2.30902e-08
-0.401707 -9.99801e-09
0.162761 7.96872e-09
0.0612402 -4.53746e-08
-0.0014005 -6.37318e-09
0.344519 -1.58006e-08
0.377623 1.65766e-08
-0.128043 7.6793e-08
-0.0857081 -3.10532e-08
-0.0589898 -4.6872e-08
0.547153 3.59746e-08
-0.399067 -2.11604e-09
0.160473 9.32693e-09
0.0692681 -1.59786e-08
-0.0287912 -3.45525e-08
0.413609 -5.99876e-09
0.227742 1.26778e-08
0.251863 -1.81071e-08
-0.0595213 -5.36196e-09
2.20537e-05 3.6947e-08
-0.336629 2.95626e-08
-0.401567 -2.40615e-08
0.16541 4.92003e-08
0.0730567 1.21213e-09
-0.0708926 -8.26891e-09
0.563991 -8.74828e-09
-0.421637 1.73755e-08
0.186418 4.81229e-08
0.0451316 -1.08426e-08
-0.0161018 -3.4532e-08
0.447819 2.16327e-08
-0.195282 2.08224e-08
-0.293343 1.63449e-08
0.104727 6.18147e-09
-0.0254009 3.14116e-08
-0.289129 -4.59728e-09
-0.481722 1.95167e-08
0.284663 8.93431e-09
-0.0902268 -1.86265e-08
-0.0111301 -2.20047e-08
0.37598 -4.73102e-08
0.299816 2.99758e-08
0.138753 2.79397e-09
0.0826308 2.61044e-08
0.0266817 3.23954e-08
-0.410157 5.8792e-08
-0.234904 -1.79873e-08
-0.242083 2.13793e-08
0.0587041 -1.68915e-09
-0.0399168 -1.26128e-08
0.493279 1.56339e-08
-0.273197 -2.20459e-08
-0.176406 -1.18675e-08
-0.0559995 3.30414e-08
0.0311458 2.68486e-08
-0.473034 -7.08467e-08
0.235005 -1.44024e-08
0.242059 -1.24736e-08
-0.0584972 5.46285e-08
0.0396613 -2.91769e-08
-0.494159 1.45953e-08
0.276615 3.71046e-09
0.170912 -1.04705e-08
0.0568065 -3.72392e-08
-0.00755069 -3.91817e-09
0.370986 -3.23498e-08
0.305552 5.37633e-08
0.132595 -1.92975e-08
0.0915178 8.48964e-08
0.0083265 -5.20902e-09
-0.371953 -9.12602e-09
-0.30364 -2.18998e-08
-0.135068 1.42894e-08
-0.0919276 -5.24051e-08
0.00332247 3.31671e-09
0.332892 -2.22856e-08
0.404295 4.6429e-09
-0.167708 1.06828e-08
-0.0660688 -5.20217e-09
0.0490351 7.88883e-09
-0.5121 -1.18013e-08
0.309852 -2.61307e-08
0.125638 -2.25777e-08
0.0875253 8.68777e-09
0.056706 2.91107e-08
-0.539244 5.90066e-09
0.378951 -3.80244e-08
-0.129519 5.83925e-08
-0.0849053 3.06207e-08
-0.0588973 -2.6642e-08
0.547783 2.91906e-08
-0.403085 9.15344e-09
0.16699 6.48593e-08
0.0725073 -6.30241e-08
-0.0748555 7.70397e-09
0.579252 1.82932e-08
-0.457195 -2.47268e-08
0.251303 5.37839e-08
-0.0605857 -3.63216e-08
0.0120608 1.83936e-08
-0.381999 -8.61473e-08
-0.28093 2.07219e-08
-0.16858 5.58794e-09
-0.0717432 -1.21072e-08
0.0750322 -2.70084e-08
-0.578414 5.12227e-09
0.452561 -4.93601e-08
-0.244014 -1.76951e-08
0.0632641 2.32831e-09
-0.0574027 3.77186e-08
0.545877 0
-0.401003 -3.58559e-08
0.164813 -3.21306e-08
0.0752652 2.23917e-08
-0.0790159 2.53443e-08
0.585101 2.29772e-08
-0.464027 1.83868e-08
0.258621 -1.20866e-08
-0.0707424 -8.22211e-09
0.032195 2.61432e-08
-0.422927 -4.22404e-09
-0.20863 -3.03673e-08
-0.279522 2.91906e-08
0.084173 -2.43742e-08
0.0204318 1.33444e-08
-0.391766 1.61384e-08
-0.27472 -2.56799e-09
-0.172439 -1.87635e-09
-0.049503 -3.24034e-08
-0.0189537 7.28623e-08
-0.303642 1.9971e-08
-0.452435 2.34885e-08
0.243634 -2.24978e-08
-0.0638535 -4.05444e-08
0.0580875 -9.12602e-09
-0.541362 -2.92955e-08
0.384014 4.40917e-08
-0.136797 -7.51313e-08
-0.0864522 -8.17258e-08
-0.0156411 -2.58236e-08
0.381919 1.58188e-08
0.292268 -1.10298e-08
0.146873 6.61286e-09
0.0744919 4.60456e-08
0.037271 2.55064e-08
-0.42933 -3.30083e-08
-0.201233 2.25974e-10
-0.28745 3.13591e-08
0.0931191 7.2109e-09
0.00760189 2.01558e-09
-0.370617 -2.90308e-08
-0.308193 -9.19201e-08
-0.128102 1.03575e-08
-0.0893087 1.36035e-08
-0.0424495 3.97273e-08
0.501757 1.087e-08
-0.293213 4.05858e-09
-0.145959 -4.25064e-08
-0.0753385 -2.07425e-08
-0.0363384 3.33288e-10
0.427995 -4.13971e-08
0.203301 -1.96308e-08
0.285096 -1.02493e-09
-0.0910902 -1.82201e-08
-0.0103565 -2.48124e-08
0.378431 1.69144e-08
0.289499 -6.17226e-09
0.156962 -3.38198e-08
0.0730157 -1.37826e-08
-0.0349618 -4.19095e-09
0.426889 -8.77817e-08
0.202369 4.89857e-08
0.287795 -3.57921e-09
-0.0879666 7.91624e-09
-0.0431407 1.79873e-08
0.503068 -2.60359e-08
-0.29762 -5.87372e-08
-0.139141 2.28836e-09
-0.0731059 -3.83828e-08
-0.08029 2.16852e-09
0.59176 -4.41693e-09
-0.482574 3.30414e-08
0.287598 -3.27561e-08
-0.0857713 7.38439e-09
-0.0473985 1.91252e-08
0.503228 3.96805e-08
-0.283417 -1.98774e-08
-0.166023 1.55266e-08
